5,67816319725643E-10
1,13565550995897E-09
1,13245077420462E-09
1,13138149550616E-09
1,13132778511054E-09
1,13138149562635E-09
1,13245077434383E-09
1,13565551003808E-09
5,67816319743302E-10
1,13571339341564E-09
2,21953638548062E-09
2,195914852952E-09
2,19398974054364E-09
2,19391450680711E-09
2,19398974112285E-09
2,19591485367385E-09
2,21953638594926E-09
1,13571339353202E-09
1,13357189983718E-09
2,19791179103791E-09
2,16516711198416E-09
2,16273622237058E-09
2,16275167846913E-09
2,16273622351987E-09
2,16516711351803E-09
2,19791179214193E-09
1,13357190013038E-09
1,13571339333505E-09
2,21953638527229E-09
2,19591485296963E-09
2,1939897410671E-09
2,19391450780398E-09
2,19398974228255E-09
2,195914854643E-09
2,21953638652765E-09
1,13571339367653E-09
5,67816319692257E-10
1,13565550987266E-09
1,13245077421192E-09
1,131381495723E-09
1,13132778552351E-09
1,13138149610677E-09
1,1324507747453E-09
1,13565551027768E-09
5,6781631980316E-10
0,199726920372815
0,206225215963312
0,205178883934568
0,205116650781434
0,205118034258793
0,205116650791442
0,205178883944006
0,206225215966206
0,199726920372965
0,206228210561129
0,194148901235969
0,193489240637506
0,193446445806383
0,193442126094027
0,19344644586198
0,193489240700952
0,194148901270934
0,206228210568718
0,20524379346589
0,193523752856827
0,191730000472051
0,191798927568812
0,191789363136676
0,191798927693799
0,191730000633744
0,193523752968112
0,205243793494632
0,206228210548683
0,194148901202407
0,193489240633065
0,193446445870486
0,19344212622176
0,193446446010065
0,193489240822112
0,194148901341219
0,206228210585977
0,199726920367661
0,206225215949412
0,205178883932728
0,205116650807981
0,205118034311693
0,205116650852772
0,20517888399418
0,206225215995312
0,199726920380112
0,399452434093267
0,412449334944194
0,410356899317801
0,410232564672446
0,410235278583944
0,410232564631957
0,410356899268891
0,412449334914098
0,399452434086084
0,412455228561103
0,388299112210237
0,386981189109078
0,386895685757273
0,3868870200186
0,38689568558229
0,386981188888852
0,388299112064989
0,412455228524638
0,410486563142603
0,387050266816953
0,383464756685723
0,383602660586817
0,383583448933808
0,383602660279764
0,383464756279635
0,38705026652837
0,410486563066566
0,412455228586857
0,388299112283286
0,386981189137191
0,386895685669941
0,386887019827473
0,386895685365449
0,386981188723293
0,388299111977901
0,412455228504587
0,399452434103933
0,412449334974449
0,410356899329446
0,41023256463628
0,410235278504791
0,410232564542159
0,410356899200324
0,412449334878035
0,399452434077781
0,599175266422275
0,618671202428455
0,615533213756121
0,615346981818006
0,615350952360807
0,615346981899476
0,615533213859829
0,618671202498098
0,59917526643997
0,618679880418741
0,582451948810307
0,580478584828274
0,580350504643073
0,580337417730296
0,580350504961345
0,580478585239659
0,582451949093079
0,618679880491707
0,615727261730762
0,580582288324814
0,575209036243505
0,575415989617679
0,575387029105762
0,575415990100983
0,575209036883559
0,580582288780544
0,615727261850976
0,618679880379407
0,582451948692852
0,580478584754113
0,580350504700621
0,580337417897536
0,58035050513704
0,580478585342194
0,582451949121718
0,618679880494162
0,599175266405983
0,61867120237981
0,615533213725408
0,615346981841838
0,61535095243007
0,615346981972244
0,615533213902287
0,618671202509958
0,599175266440985
0,798894222251468
0,824889579632855
0,820706976124695
0,820459142033575
0,820464304064628
0,820459141935775
0,820706976002088
0,824889579552503
0,798894222231382
0,824900934198637
0,776608745566414
0,773984167241981
0,773813681887973
0,773796087809779
0,77381368152514
0,773984166783619
0,776608745262288
0,824900934121981
0,820964984701468
0,774122493665298
0,766967644773029
0,76724370163127
0,7672048959093
0,767243701127577
0,766967644127666
0,774122493227576
0,820964984589499
0,824900934249629
0,776608745724066
0,773984167367477
0,773813681887513
0,7737960877205
0,773813681463806
0,773984166818095
0,776608745344673
0,824900934151443
0,798894222272582
0,82488957969815
0,820706976176673
0,820459142033383
0,82046430402765
0,820459141910379
0,820706976016362
0,824889579586627
0,798894222243584
0,99860806423431
1,0311032338665
1,02587730275318
1,02556826256948
1,02557456051612
1,02556826263511
1,02587730282526
1,03110323390294
0,998608064241531
1,03111717065968
0,970770861296963
0,967500688387577
0,967287993590541
0,967265795360946
0,967287993822341
0,967500688641341
0,970770861424278
1,0311171706847
1,02619882714499
0,967673553001442
0,958745384543714
0,959090572807884
0,959041837250353
0,959090573099365
0,95874538486066
0,967673553157833
1,02619882717514
1,03111717060134
0,970770861114615
0,967500688231593
0,967287993553434
0,967265795386131
0,967287993776791
0,967500688472752
0,9707708612315
1,03111717062338
0,998608064210144
1,03110323379098
1,02587730268858
1,02556826255411
1,02557456052656
1,02556826261626
1,02587730275543
1,03110323382311
0,998608064216138
1,19831543710367
1,23731098278715
1,23104327539361
1,2306735228142
1,23068090895947
1,23067352281403
1,23104327541673
1,23731098282704
1,19831543711795
1,2373274649899
1,16493961123092
1,16103093970692
1,16077621878328
1,16074934271206
1,16077621879496
1,16103093980766
1,16493961138818
1,2373274650451
1,23142777970373
1,1612381658691
1,15054704806736
1,15096139561708
1,15090261728521
1,15096139566516
1,15054704824591
1,16123816611149
1,23142777978614
1,23732746505067
1,16493961141777
1,16103093985626
1,16077621880244
1,16074934267859
1,16077621886583
1,16103094003435
1,16493961163899
1,23732746512416
1,19831543712884
1,23731098286454
1,23104327545546
1,23067352282213
1,2306809089456
1,23067352284339
1,23104327551061
1,23731098293092
1,19831543715069
1,39801495709598
1,44351165196797
1,43620396765796
1,43577414761893
1,43578254909207
1,43577414756242
1,4362039675586
1,44351165187262
1,39801495706688
1,44353062576208
1,35911632569722
1,35457767545819
1,35428113649207
1,35424953646106
1,35428113627943
1,35457767508722
1,35911632534347
1,44353062565441
1,43665078126502
1,35481911817276
1,34237743579269
1,34286099918853
1,34279197715393
1,34286099888547
1,34237743527164
1,35481911768172
1,43665078111624
1,44353062570177
1,35911632551929
1,35457767534607
1,35428113654634
1,35424953658593
1,35428113628573
1,35457767490341
1,35911632510625
1,44353062557715
1,398014957071
1,44351165189428
1,43620396761153
1,4357741476414
1,43578254914379
1,43577414756505
1,43620396748247
1,44351165177438
1,39801495703488
1,59770531640484
1,64970403366663
1,64135850447956
1,64086935437682
1,6408786620718
1,64086935445183
1,64135850459368
1,64970403376271
1,59770531643255
1,64972538222029
1,55330237752403
1,54814366488688
1,54780553519498
1,5477691595712
1,54780553546338
1,54814366529513
1,55330237786772
1,64972538231945
1,64186674397368
1,54841919110638
1,53424132890308
1,53479417121034
1,53471471451487
1,53479417155731
1,5342413294308
1,54841919155056
1,64186674410181
1,64972538228079
1,5533023776942
1,54814366495774
1,54780553504971
1,54776915931706
1,54780553532312
1,54814366537353
1,55330237804409
1,64972538238173
1,59770531642989
1,64970403373711
1,64135850450892
1,64086935431666
1,64087866196655
1,64086935439375
1,64135850462614
1,64970403383576
1,59770531645834
1,79738516845942
1,85588690067242
1,84650595155465
1,84595832862197
1,84596841031745
1,84595832855844
1,84650595147145
1,85588690061412
1,79738516844418
1,85591049501514
1,74749912692777
1,74173167989913
1,7413522127742
1,74131098292912
1,74135221255846
1,74173167961849
1,74749912673308
1,85591049496461
1,84707457139903
1,74204117984572
1,72614354231725
1,72676575998313
1,72667562267586
1,72676575973511
1,72614354200016
1,74204117963139
1,84707457134432
1,85591049495133
1,74749912675215
1,74173167984482
1,74135221297667
1,74131098327724
1,74135221280513
1,74173167963032
1,74749912661213
1,85591049491644
1,79738516843298
1,85588690059969
1,84650595153216
1,84595832870582
1,84596841046163
1,84595832866062
1,84650595147633
1,85588690056403
1,79738516842423
1,99705312734386
2,06205902855487
2,05164530735158
2,05104027410573
2,05105091980607
2,05104027415813
2,05164530740847
2,06205902858285
1,99705312734922
2,06208468870652
1,94170797682156
1,93534450902117
1,93492396890364
1,93487780833824
1,93492396907592
1,93534450920229
1,94170797690337
2,06208468872056
2,05227309635424
1,9356879124389
1,91808887369327
1,91878061849103
1,91867948402552
1,91878061867293
1,91808887386732
1,93568791249579
2,0522730963585
2,06208468877591
1,94170797701543
1,93534450909388
1,93492396870907
1,9348778079864
1,93492396882085
1,93534450918455
1,94170797702244
2,06208468876855
1,99705312737259
2,06205902863517
2,05164530738169
2,05104027402515
2,05105091966036
2,05104027405251
2,05164530740112
2,06205902863217
1,99705312736909
2,19670793044187
2,2682191012679
2,25677557742574
2,25611430394946
2,25612527052364
2,25611430389129
2,25677557736133
2,2682191012347
2,19670793043514
2,26824661458064
2,1359303573414
2,12898494963133
2,12852361004382
2,12847248244253
2,12852360984173
2,1289849494095
2,13593035722942
2,26824661455849
2,25746118833454
2,12936219236512
2,11008218754418
2,11084357438346
2,11073113337045
2,11084357413836
2,11008218728061
2,1293621922387
2,257461188311
2,2682466145077
2,13593035713105
2,1289849495222
2,12852361017572
2,12847248270638
2,12852360999508
2,12898494933247
2,13593035704561
2,26824661449312
2,19670793041165
2,26821910118079
2,25677557738055
2,25611430400409
2,25612527063292
2,25611430395481
2,2567755773294
2,26821910115858
2,19670793040807
2,39634835954334
2,47436574873324
2,46189574990229
2,46117947484236
2,46119053963379
2,46117947491059
2,46189574999156
2,47436574879569
2,39634835955962
2,47439490819969
2,33016774466337
2,32265580206755
2,32215398748583
2,32209783877497
2,32215398774385
2,3226558024078
2,33016774490419
2,47439490826299
2,46263773492852
2,32306679246662
2,3021283589707
2,30295945370914
2,302835365442
2,30295945407982
2,30212835946665
2,32306679282482
2,46263773502381
2,47439490826927
2,33016774486878
2,3226558021979
2,32215398742646
2,32209783863782
2,32215398774727
2,32265580263208
2,33016774518725
2,47439490835479
2,39634835957214
2,47436574881832
2,46189574995628
2,46117947481776
2,46119053957699
2,46117947491202
2,46189575008442
2,47436574891292
2,39634835959763
2,59597310945348
2,68049757064192
2,66700472335774
2,66623483220539
2,66624572668121
2,66623483214218
2,66700472325653
2,68049757055232
2,59597310942702
2,68052825966693
2,52442160739292
2,51635992969043
2,51581796094044
2,51575671848242
2,51581796067938
2,51635992927622
2,5244216070293
2,68052825956001
2,66780159316036
2,51680452439317
2,49423224755076
2,49513311218442
2,49499703907601
2,4951331117533
2,49423224687552
2,51680452380783
2,66780159298918
2,68052825960953
2,52442160722346
2,51635992957942
2,51581796096634
2,51575671852827
2,51581796055416
2,51635992893922
2,52442160667299
2,68052825944916
2,59597310942969
2,68049757057175
2,66700472331176
2,66623483221613
2,6662457267002
2,66623483209035
2,66700472311695
2,68049757040477
2,59597310938111
2,79558089850203
2,88661312159152
2,87210134556392
2,87127936622854
2,87128984330663
2,8712793662775
2,87210134566812
2,88661312170524
2,79558089853834
2,88664529274872
2,71869343773153
2,71010022070528
2,70951840159853
2,70945198319776
2,70951840181815
2,71010022114407
2,71869343819239
2,8866452928941
2,87295156329088
2,7105782132266
2,6863987295197
2,68736940034573
2,68722097462423
2,68736940074893
2,68639873026405
2,71057821396766
2,8729515635202
2,88664529278883
2,71869343784455
2,71010022076052
2,70951840154923
2,70945198316046
2,7095184019592
2,71010022148405
2,71869343854083
2,88664529300155
2,79558089851863
2,88661312163835
2,87210134558679
2,87127936620813
2,87128984329116
2,87127936633595
2,8721013458089
2,88661312184956
2,79558089858284
2,99517051429622
3,09271092301123
3,07718444872747
3,07631200640104
3,07632188293107
3,07631200634275
3,07718444858749
3,0927109228486
2,9951705142432
3,09274451619817
2,91298481953011
2,90387956870562
2,90325818844321
2,90318648372691
2,90325818820151
2,90387956815602
2,91298481890859
3,09274451599732
3,07808639330858
2,90439072292747
2,87863271301398
2,87967319347791
2,87951205742545
2,87967319307636
2,87863271217251
2,90439072201772
3,07808639301879
3,09274451617269
2,91298481946613
2,90387956870745
2,90325818854531
2,903186483829
2,90325818815996
2,90387956794306
2,912984818667
3,09274451592104
2,99517051428564
3,09271092298474
3,07718444872821
3,07631200644332
3,07632188297336
3,07631200632557
3,07718444849928
3,09271092274856
2,99517051421159
3,19474068871786
3,29878948931705
3,28225282509126
3,28133171426905
3,28134078450125
3,28133171438442
3,28225282532833
3,2987894895704
3,19474068879822
3,29882447808267
3,10729728384153
3,09770086321638
3,09704020401976
3,09696309772346
3,0970402044338
3,09770086406541
3,10729728474773
3,29882447837009
3,28320482312653
3,09824493847371
3,07093912943981
3,07204938647516
3,0718751608168
3,07204938701381
3,07093913053975
3,0982449396447
3,28320482349759
3,29882447810351
3,10729728389174
3,09770086320108
3,09704020389158
3,09696309754403
3,09704020431866
3,09770086406965
3,10729728481407
3,29882447839555
3,19474068872646
3,29878948933785
3,28225282508492
3,28133171421597
3,28134078442695
3,28133171433677
3,28225282533007
3,2987894895979
3,19474068880876
3,3942900777718
3,50484736872075
3,48730518404284
3,48633736866885
3,48634545297066
3,48633736846827
3,4873051836819
3,50484736836819
3,39429007766346
3,50488373482293
3,30163238085699
3,29156705984459
3,29086735319816
3,29078474633639
3,29086735252048
3,29156705861393
3,30163237964657
3,50488373445006
3,48830550536451
3,29214379310207
3,26332296026475
3,26450287897628
3,26431518242417
3,26450287820738
3,26332295883673
3,29214379167431
3,48830550492198
3,50488373479579
3,30163238077853
3,29156705980877
3,29086735328073
3,2907847465333
3,29086735275775
3,29156705880953
3,30163237975943
3,50488373447765
3,39429007776053
3,50484736868826
3,487305184028
3,48633736870305
3,4863454530522
3,48633736856657
3,48730518376289
3,50484736841494
3,39429007767487
3,59381734300834
3,71088304630492
3,69234016836617
3,69132776142194
3,69133473283764
3,69132776167897
3,69234016879188
3,71088304669364
3,59381734312459
3,7109208362972
3,49599167266289
3,48548115408757
3,48474254906929
3,48465434577562
3,48474254991699
3,48548115550245
3,49599167396351
3,71092083668729
3,69338707014183
3,48609024460332
3,45578916211166
3,45703854728423
3,45683709314923
3,45703854818696
3,45578916365019
3,48609024604292
3,69338707057673
3,71092083633384
3,49599167278564
3,48548115421407
3,48474254910289
3,48465434565858
3,48474254966482
3,48548115520164
3,49599167373295
3,71092083662287
3,5938173430235
3,71088304635577
3,69234016841855
3,69132776143585
3,69133473278917
3,69132776157458
3,6923401686673
3,71088304659817
3,5938173430979
3,79332119533868
3,91689494528942
3,89735640647486
3,89630168255966
3,89630740705562
3,89630168232167
3,89735640610887
3,9168949449779
3,79332119524833
3,91693428406755
3,69037677175598
3,6794461555407
3,67866873901775
3,67857485110631
3,67866873824404
3,67944615434777
3,69037677073784
3,91693428377194
3,89844805841553
3,68008730005656
3,6483427120844
3,64966132590815
3,64944583298345
3,64966132511672
3,64834271085494
3,68008729899928
3,89844805810747
3,91693428403214
3,6903767716226
3,6794461553494
3,67866873885192
3,67857485106887
3,67866873838975
3,67944615462247
3,69037677098974
3,91693428384674
3,79332119532399
3,91689494523419
3,89735640639563
3,896301682491
3,89630740704011
3,89630168238206
3,89735640622262
3,91689494508225
3,7933211952793
3,99280040996297
4,12288143557861
4,10235246626481
4,10125780621776
4,10126217854763
4,10125780636748
4,10235246646442
4,12288143572213
3,99280041000101
4,12292246932814
3,88478932455655
3,87346508801502
3,87264887710753
3,87254925125558
3,87264887759242
3,87346508865368
3,88478932500784
4,12292246944664
4,10348694059696
3,87413801484668
3,84098866020831
3,84237615108101
3,84214636836679
3,84237615157165
3,84098866083131
3,87413801526343
4,1034869407026
4,1229224693394
3,88478932462054
3,8734650881756
3,8726488773444
3,87254925145359
3,87264887762562
3,87346508850975
3,88478932482002
4,12292246938586
3,99280040996758
4,12288143560511
4,10235246633129
4,10125780631587
4,10126217862964
4,10125780638128
4,10235246640479
4,12288143564437
3,99280040997583
4,19225374072227
4,32884089137896
4,30732688859374
4,30619480303158
4,30619770481789
4,30619480298462
4,30732688857486
4,32884089140901
4,19225374073714
4,32888375393454
4,07923100951933
4,06754100648403
4,06668596248329
4,06658054482009
4,06668596231418
4,06754100641393
4,07923100962384
4,32888375398688
4,30850216227977
4,06824547574742
4,03373204664159
4,03518797744929
4,03494368302967
4,03518797722734
4,03373204654388
4,06824547587471
4,30850216234489
4,32888375397262
4,07923100961585
4,06754100647768
4,06668596228739
4,06658054452684
4,06668596210992
4,06754100639517
4,07923100971009
4,32888375402201
4,192253740738
4,32884089141894
4,30732688859111
4,30619480295044
4,30619770469642
4,30619480290007
4,30732688856708
4,32884089144473
4,19225374075167
4,3916799009285
4,53477165787945
4,51227813713515
4,51111127499368
4,5111125406259
4,51111127497939
4,51227813705132
4,53477165775473
4,39167990088513
4,53481642633791
4,27370354122103
4,26167696459374
4,26078298634146
4,26067176611431
4,26078298634835
4,26167696438172
4,27370354084814
4,53481642620401
4,5134919701321
4,26241288986232
4,22657794465354
4,22810182678419
4,22784272370078
4,22810182694885
4,226577944615
4,26241288957745
4,5134919700157
4,53481642623733
4,27370354091282
4,26167696436436
4,26078298639899
4,26067176640845
4,26078298664919
4,26167696451624
4,27370354084087
4,5348164261895
4,3916799008868
4,53477165775182
4,51227813704012
4,51111127501749
4,51111254074771
4,51111127510402
4,51227813710703
4,53477165775172
4,39167990087912
4,5910777726662
4,74067188874434
4,7172046107887
4,71600569387999
4,7160051932961
4,71600569389907
4,71720461087039
4,74067188885917
4,59107777270553
4,7407187034648
4,46820871047622
4,4558760919301
4,45494299979597
4,45482600682236
4,45494299976866
4,45587609207866
4,46820871076733
4,74071870357131
4,71845462832294
4,45664343157645
4,41953147950241
4,42112270444091
4,42084847719855
4,42112270414914
4,41953147930868
4,45664343163183
4,71845462836852
4,74071870361873
4,46820871096788
4,45587609237634
4,45494299989515
4,45482600659182
4,4549429994668
4,45587609192525
4,4682087107632
4,74071870358341
4,59107777272991
4,74067188894797
4,71720461097349
4,71600569392107
4,71600519320059
4,7160056937741
4,71720461080685
4,74067188885746
4,59107777271053
4,79044629261657
4,94653964302598
4,92210460852921
4,92087645219332
4,92087410075702
4,9208764522015
4,92210460851612
4,94653964299267
4,7904462926039
4,94658866590996
4,66274839317286
4,65014154850715
4,64916910711976
4,64904633505683
4,64916910724506
4,65014154860435
4,66274839317314
4,94658866589902
4,92338840452837
4,65094027118423
4,61259779775593
4,61425561143355
4,61396596643852
4,6142556118533
4,6125977982682
4,65094027150521
4,92338840460603
4,94658866573436
4,66274839260702
4,65014154797293
4,6491691069476
4,64904633522649
4,6491691074777
4,65014154867561
4,66274839310791
4,94658866586659
4,7904462925438
4,94653964279165
4,92210460830796
4,92087645212203
4,92087410082728
4,9208764522979
4,92210460854562
4,94653964296567
4,79044629259047
4,98978422752404
5,1523730579437
5,12697631083077
5,12572189560105
5,12571761831901
5,12572189555993
5,12697631075535
5,15237305786906
4,98978422750095
5,15242438220138
4,85732446395033
4,84447653338038
4,84346442826354
4,84333585847617
4,84346442806028
4,84447653302696
4,85732446361422
5,1524243820992
5,12829136534274
4,84530674444971
4,80578204580571
4,80750560660064
4,80720018791161
4,80750560618747
4,80578204512449
4,84530674383026
5,12829136515777
5,15242438235656
4,85732446444173
4,84447653381622
4,84346442836212
4,84333585830681
4,84346442792016
4,84447653310587
4,85732446381052
5,15242438216995
4,98978422758827
5,15237305814724
5,12697631101126
5,12572189564187
5,12571761824886
5,12572189550192
5,12697631078804
5,15237305795038
4,98978422753025
5,1890903023082
5,35817015367576
5,33181781674568
5,33054029759572
5,33053400067386
5,3305402976749
5,33181781691757
5,35817015386545
5,189090302369
5,35822392714125
5,05193886263544
5,03888432446707
5,03783210450275
5,03769775720798
5,03783210477475
5,0388843250644
5,05193886329863
5,35822392735436
5,33316144828133
5,03974620294972
4,99908937620897
5,00087775526559
5,0005562007624
5,0008777555871
4,99908937693383
5,0397462037659
5,33316144854473
5,35822392704048
5,05193886233848
5,03888432428303
5,03783210460623
5,03769775744736
5,03783210483619
5,03888432481754
5,05193886294973
5,35822392723872
5,18909030226642
5,35817015355279
5,33181781666946
5,3305402976386
5,33053400077299
5,3305402977004
5,33181781681534
5,35817015372096
5,18909030232111
5,38836337301411
5,56392881025794
5,53662716187375
5,53532979516264
5,53532138635728
5,53532979502814
5,53662716159
5,56392880995001
5,38836337291587
5,56398521724325
5,2465936592565
5,23336819200025
5,23227533981014
5,23213525171539
5,23227533940922
5,23336819110647
5,24659365825618
5,56398521692107
5,53799654719034
5,23426202381046
5,1925250332576
5,19437712179688
5,1940390639548
5,19437712149397
5,19252503242784
5,2342620227897
5,53799654685215
5,56398521728011
5,24659365932623
5,23336819189346
5,23227533947243
5,23213525138089
5,23227533940035
5,23336819149152
5,2465936587326
5,56398521707423
5,38836337302932
5,56392881028684
5,53662716182952
5,53532979502277
5,53532138621873
5,53532979502451
5,53662716174947
5,56392881014731
5,38836337297927
5,58760237618672
5,76964685637492
5,74140234699858
5,74008844123101
5,74007787559143
5,74008844142897
5,74140234738784
5,76964685677966
5,58760237631391
5,76970608579503
5,44129094301555
5,42793142391793
5,42679736752767
5,42665156796103
5,42679736811305
5,42793142512547
5,44129094430899
5,76970608620577
5,74279446847062
5,4288576351848
5,38609429251719
5,38800880744885
5,38765389818213
5,38800880787589
5,3860942935812
5,42885763644242
5,74279446888253
5,76970608580244
5,44129094310051
5,42793142421482
5,42679736800877
5,42665156834747
5,42679736809017
5,42793142466874
5,44129094377083
5,76970608603493
5,58760237618976
5,76964685641012
5,74140234712152
5,74008844143024
5,74007787575148
5,74008844141953
5,74140234719867
5,76964685655678
5,58760237624313
5,7868062386568
5,9753219985195
5,94614124912451
5,94481421293825
5,94480142089295
5,94481421270971
5,94614124869959
5,97532199809436
5,78680623852498
5,97538429225226
5,63603286024663
5,62257740755242
5,62140146742999
5,62125001137046
5,6214014667321
5,62257740621257
5,63603285887579
5,97538429182387
5,94755288687218
5,62353658096751
5,57980245539818
5,58177789013478
5,58140582796854
5,581777889554
5,5798024541504
5,62353657959892
5,94755288643419
5,97538429223993
5,63603286014992
5,62257740725945
5,62140146697789
5,62125001102007
5,62140146676883
5,62257740665076
5,63603285938363
5,97538429198447
5,78680623865167
5,97532199847946
5,94614124900319
5,94481421275101
5,94480142074783
5,94481421272498
5,94614124888107
5,97532199830467
5,78680623859148
5,98597384998477
6,1809519149528
6,15084159229851
6,1495049730759
6,1494897951376
6,14950497326296
6,15084159263407
6,18095191527987
5,98597385008512
6,18101755554175
5,83082162277279
5,81730959085636
5,81609096135592
5,81593395870013
5,81609096195584
5,81730959195232
5,83082162385555
6,18101755587584
6,15226936178076
5,81830246467926
5,77365483196708
5,7756894965432
5,77529998257634
5,77568949713258
5,77365483310312
5,81830246584475
6,15226936214535
6,1810175555195
5,83082162273826
5,8173095909542
5,81609096161396
5,81593395893714
5,81609096193433
5,81730959163218
5,83082162347544
6,18101755575474
5,98597384997553
6,18095191493851
6,15084159233904
6,14950497318277
6,14948979523575
6,1495049732541
6,1508415925015
6,18095191512244
5,98597385003497
6,18510404705737
6,386534222416
6,35550096861692
6,35415849671679
6,35414073345308
6,35415849663455
6,35550096847436
6,38653422228083
6,18510404701627
6,38660349359917
6,02565951145631
6,01213147723373
6,01086920630394
6,01070679354049
6,01086920599913
6,0121314767082
6,02565951095995
6,38660349344867
6,35694134631043
6,01315894845834
5,96765675292525
5,96974876461982
5,9693415603235
5,96974876419731
5,9676567522042
6,01315894778296
6,3569413461063
6,38660349367625
6,02565951169471
6,01213147742539
6,01086920631401
6,01070679343514
6,010869205959
6,01213147682492
6,02565951113638
6,38660349350802
6,18510404708924
6,38653422251475
6,35550096869629
6,35415849672095
6,35414073340944
6,35415849661796
6,3555009685227
6,38653422235389
6,18510404704082
6,38419579313043
6,59206639652661
6,56011687346504
6,55877241885596
6,55875188001297
6,55877241883415
6,56011687341676
6,59206639647285
6,38419579311311
6,59213952170878
6,2205489169952
6,20704663213416
6,20573962758034
6,2055719537206
6,20573962759186
6,20704663209562
6,22054891691381
6,5921395216787
6,56156621193567
6,20810976034101
6,16181360924943
6,16396082092266
6,16353578971067
6,16396082117795
6,1618136095598
6,20810976053423
6,56156621198217
6,59213952158562
6,22054891658505
6,20704663169905
6,20573962735261
6,20557195374352
6,20573962773968
6,20704663222222
6,22054891696813
6,5921395216884
6,38419579307941
6,59206639635678
6,56011687328485
6,55877241876166
6,55875188002246
6,55877241889542
6,56011687346918
6,59206639649534
6,38419579311711
6,5832481716662
6,79754576622062
6,76468670911861
6,76334424596878
6,76332075951829
6,76334424602053
6,76468670923692
6,79754576635483
6,58324817170956
6,79762297263085
6,41549233492154
6,40205868999186
6,40070567420493
6,40053293485023
6,40070567425347
6,40205869021018
6,41549233523159
6,79762297273744
6,76614121184504
6,40315868677834
6,3561307902196
6,35833084573344
6,35788790891709
6,35833084542963
6,35613078995198
6,40315868672293
6,76614121185206
6,79762297276683
6,41549233538393
6,4020586905122
6,40070567451144
6,40053293483139
6,40070567398847
6,4020586898759
6,41549233498737
6,79762297267128
6,58324817172247
6,79754576641213
6,76468670933414
6,76334424609572
6,76332075951048
6,7633442459108
6,76468670909848
6,79754576625369
6,58324817168215
6,782260206112
7,00296953924806
6,96920769378746
6,96787138930435
6,96784477521584
6,96787138932005
6,96920769375964
7,00296953917961
6,78226020608609
7,00305111498817
6,61049235122842
6,59717136453141
6,59577085111492
6,59559327006418
6,59577085130413
6,59717136463181
6,61049235114927
7,00305111494318
6,97066344780047
6,5983095678876
6,55061371756464
6,5528640908786
6,55240317453035
6,55286409148053
6,55061371823095
6,59830956823082
6,97066344786995
7,00305111488148
6,61049235086325
6,59717136411612
6,59577085087869
6,5955932701284
6,59577085162932
6,59717136505616
6,61049235147832
7,00305111503507
6,78226020606777
7,00296953909684
6,96920769361549
6,96787138920652
6,96784477524243
6,96787138945473
6,96920769393541
7,00296953931585
6,78226020612414
6,98123089908658
7,20833486491648
7,17367687407435
7,17235110500536
7,17232115204808
7,17235110486839
7,1736768739157
7,20833486482642
6,98123089906644
7,20842109591083
6,80555163878196
6,79238843606255
6,79093874024139
6,79075657677951
6,79093873967082
6,7923884353738
6,80555163835865
7,20842109580997
7,17512985147466
6,79356633788879
6,74526784424782
6,74756576503244
6,74708680892168
6,7475657640787
6,74526784303225
6,79356633707096
7,17512985126653
7,20842109595565
6,80555163893632
6,79238843623734
6,79093874032315
6,79075657668694
6,79093873940437
6,7923884350279
6,80555163808253
7,20842109573164
6,98123089910511
7,20833486498043
7,17367687414677
7,17235110503922
7,17232115200975
7,17235110475807
7,17367687377249
7,20833486471205
6,981230899034
7,18015931964682
7,4136387926371
7,37809119555704
7,37678053000306
7,37674695898552
7,37678053024558
7,37809119589019
7,41363879288636
7,18015931971445
7,41372994090052
7,00067297302798
6,98771375645732
6,98621297645696
6,98602656838119
6,98621297732358
6,98771375764817
7,00067297391916
7,41372994114259
7,37953715359227
6,98893307101541
6,94009864777742
6,9424411335877
6,94194412606098
6,94244113470523
6,94009864931399
6,98893307216622
7,37953715390493
7,41372994092843
7,0006729731199
6,98771375655451
6,98621297652144
6,98602656842973
6,98621297739984
6,98771375776301
7,00067297402568
7,41372994117466
7,18015931965833
7,41363879267516
7,37809119559733
7,37678053002976
7,37674695900563
7,37678053027718
7,37809119593777
7,41363879293045
7,18015931972773
7,37904468015384
7,61887818895182
7,58244746911808
7,58115666691638
7,58111914392875
7,58115666662387
7,58244746868774
7,61887818860243
7,37904468005472
7,6189744891094
7,1958592508895
7,1831512442594
7,18159723685568
7,18140697578346
7,18159723589046
7,18315124284133
7,19585924973957
7,61897448878364
7,58388196665497
7,18441391456896
7,13511163003936
7,13749547366109
7,13698047276317
7,13749547263162
7,1351116285324
7,18441391335192
7,58388196631081
7,61897448902087
7,19585925059612
7,18315124395559
7,18159723671866
7,18140697585353
7,18159723607635
7,18315124302047
7,19585924984555
7,61897448880933
7,37904468011713
7,61887818883033
7,58244746899228
7,58115666685963
7,58111914395777
7,58115666670087
7,58244746876195
7,61887818864627
7,37904468006537
7,57788628281257
7,82404975232928
7,78674234986419
7,78547634107167
7,78543453035458
7,7854763413665
7,78674235032008
7,82404975271957
7,57788628292601
7,82415142504885
7,39111350541129
7,37870487125296
7,37709530641908
7,37690160371857
7,37709530734197
7,37870487268648
7,391113506644
7,82415142540804
7,7881608137823
7,3800130734935
7,33031232827913
7,33273406211044
7,33220122097631
7,33273406294948
7,33031232960228
7,38001307464824
7,78816081412098
7,82415142517098
7,39111350581198
7,37870487164931
7,37709530654775
7,37690160351214
7,37709530693505
7,37870487228192
7,3911135063825
7,82415142534074
7,57788628286312
7,82404975249522
7,7867423500284
7,78547634112496
7,78543453026909
7,78547634119798
7,78674235015256
7,82404975261125
7,57788628289816
7,77668342388576
8,02915003855311
7,99097233937272
7,98973622258159
7,98968976623773
7,98973622230692
7,99097233892902
8,02915003815715
7,77668342376842
8,02925734171744
7,58643888254819
7,57437872018305
7,57271105162886
7,57251435766486
7,57271105078248
7,57437871880016
7,58643888130078
8,0292573413463
7,99237005739575
7,57573485993501
7,52570632016432
7,52816216857015
7,52761173086124
7,52816216784205
7,52570631892545
7,57573485877746
7,99237005704623
8,02925734159178
7,58643888214142
7,57437871980189
7,57271105155113
7,57251435794644
7,57271105126053
7,57437871925018
7,58643888158126
8,0292573414172
7,77668342383369
8,02915003838468
7,99097233921491
7,98973622254941
7,98968976635434
7,98973622250491
7,99097233911543
8,02915003827327
7,77668342379779
7,97543545010914
8,23417544314802
8,19513372096017
8,19393281040045
8,19388131079067
8,19393281063815
8,19513372136054
8,23417544351905
7,97543545022074
8,23428864991233
7,78183865169403
7,77017697273306
7,76844840060007
7,76824921460325
7,76844840135463
7,77017697402165
7,78183865290176
8,23428865027749
8,1965058280774
7,77158369268337
7,72129918775983
7,72378511304069
7,72321738960926
7,72378511375913
7,72129918903938
7,77158369392355
8,19650582845733
8,23428865001783
7,78183865202987
7,77017697302895
7,76844840062976
7,76824921435399
7,76844840099702
7,77017697373841
7,78183865275877
8,23428865024601
7,97543545015279
8,23417544328711
8,19513372108275
8,19393281041273
8,19388131068741
8,19393281049004
8,19513372124329
8,23417544345985
7,97543545020772
8,17414178456423
8,43912227581177
8,39922263978678
8,39806247377283
8,3980054636384
8,39806247360381
8,39922263948202
8,43912227551371
8,17414178447253
8,43924159670217
7,97731622077797
7,96610388482042
7,96431133286252
7,96411022087531
7,96431133228461
7,9661038837712
7,97731621974617
8,4392415963844
8,40056405064234
7,9675641048443
7,91709652628524
7,91960827121976
7,91902361071094
7,91960827054497
7,91709652503916
7,96756410360359
8,40056405025842
8,43924159663006
7,97731622055457
7,9661038846414
7,96431133286269
7,9641102210072
7,96431133238684
7,96610388374484
7,97731621964904
8,43924159634837
8,17414178453434
8,43912227571925
8,39922263971268
8,39806247377294
8,39800546369302
8,39806247364617
8,39922263947114
8,43912227547346
8,17414178445765
8,37280191836355
8,64398661715272
8,60323505275302
8,60212136679478
8,60205831444473
8,6021213668635
8,60323505291075
8,6439866173321
8,37280191842157
8,64411227182266
8,17287513821452
8,16216382541915
8,16030391497035
8,16010159682012
8,16030391526053
8,16216382604916
8,17287513890954
8,64411227204552
8,6045404704131
8,16368074601765
8,1131039967603
8,115636965048
8,11503582667768
8,11563696554209
8,11310399775026
8,16368074705923
8,60454047074181
8,64411227185829
8,17287513831561
8,16216382547245
8,16030391493866
8,16010159681053
8,16030391541998
8,16216382638829
8,17287513924705
8,64411227214875
8,37280191837828
8,6439866171946
8,60323505277508
8,60212136678168
8,60205831444073
8,60212136692955
8,60323505305129
8,64398661747187
8,37280191846435
8,57141544183042
8,84876431926496
8,80716672296126
8,80610543880962
8,80603578204344
8,80610543883349
8,80716672294189
8,84876431920016
8,57141544180508
8,84889656703978
8,36851918148772
8,358361227706
8,35643031888594
8,35622759421853
8,35643031887833
8,35836122749862
8,36851918114216
8,84889656691695
8,80843069705685
8,35993831234421
8,30932728795818
8,31187654809326
8,3112595237468
8,31187654783387
8,30932728731922
8,35993831159286
8,80843069681115
8,84889656703536
8,36851918149348
8,35836122777367
8,35643031898032
8,35622759418789
8,35643031858278
8,35836122698319
8,36851918066592
8,84889656677457
8,57141544182855
8,84876431926737
8,80716672298928
8,80610543884871
8,80603578203073
8,80610543871112
8,80716672272849
8,84876431900286
8,57141544174613
8,76998205611379
9,05345101785688
9,01101325706843
9,0100104531609
9,00993360084674
9,01001045311035
9,0110132570438
9,05345101788196
8,76998205612717
9,05359017184092
8,56425226750606
8,55470061687667
8,55269481914408
8,55249255049386
8,55269481906708
8,5547006169435
8,56425226772291
9,05359017192531
9,01223015431499
8,55634164818835
8,50577210060307
8,50833238639096
8,50770020445793
8,50833238657093
8,50577210110509
8,55634164881038
9,01223015452149
9,05359017182655
8,56425226743173
8,55470061671358
8,5526948189545
8,55249255044862
8,5526948193124
8,55470061743068
8,56425226818628
9,05359017206476
8,7699820561078
9,05345101782612
9,01101325700092
9,01001045308244
9,009933600828
9,01001045321191
9,01101325724561
9,05345101807385
8,76998205618493
8,96850166086855
9,25804208454704
9,21477004053593
9,21383194985891
9,21374729143
9,21383194984527
9,21477004047428
9,25804208445959
8,96850166083842
9,25818854397173
8,76007852745962
8,75118665853715
8,74910177846868
8,74890094845495
8,74910177834254
8,75118665820168
8,7600785270518
9,2581885438371
9,21593396787735
8,75289571463176
8,70244413953736
8,70500986556789
8,70436334532831
8,70500986519708
8,70244413879477
8,75289571385066
9,21593396763083
9,25818854398667
8,76007852754207
8,7511866587358
8,7491017787445
8,74890094864811
8,74910177829159
8,75118665791159
8,76007852673029
9,25818854373646
8,96850166087472
9,25804208458122
9,21477004061824
9,21383194997314
9,21374729150997
9,21383194982416
9,21477004035425
9,25804208432636
8,96850166079675
9,16697425766171
9,46253270122375
9,41843219390392
9,41756528880577
9,41747215584444
9,41756528893723
9,41843219412398
9,46253270142663
9,16697425772262
9,46268686470509
8,95600230830264
8,94782411681032
8,94565566050855
8,94545737823472
8,94565566100519
8,94782411763677
8,95600230906033
9,4626868649321
9,41953705369593
8,94960558432897
8,89934911032815
8,90191439401797
8,90125444343064
8,90191439473066
8,8993491115012
8,94960558539413
9,41953705401375
9,46268686471017
8,95600230828527
8,94782411666898
8,94565566021881
8,94545737791784
8,94565566083509
8,94782411767423
8,95600230919091
9,46268686497947
9,16697425766379
9,46253270121659
9,41843219384539
9,41756528868581
9,41747215571322
9,41756528886675
9,41843219413959
9,46253270148064
9,16697425774225
9,36539995445456
9,66691784264258
9,62199463379418
9,62120558254468
9,62110321122428
9,6212055823149
9,6219946334527
9,66691784236236
9,36539995437465
9,6670800861313
9,15202812214524
9,14461788803674
9,14236105935943
9,14216653878244
9,14236105856589
9,14461788685814
9,15202812117785
9,66708008585558
9,6230341722621
9,1464764598622
9,09649275321227
9,09905136300852
9,09837903380423
9,09905136205989
9,09649275180391
9,14647645870684
9,62303417193291
9,66708008608939
9,15202812203414
9,14461788802443
9,14236105955195
9,14216653911453
9,14236105886416
9,14461788700383
9,15202812119747
9,66708008585101
9,36539995443717
9,66691784259658
9,62199463378907
9,62120558262445
9,62110321136181
9,62120558243838
9,62199463351314
9,66691784237042
9,36539995437277
9,56377911502717
9,87119218421711
9,82545209507294
9,82474770173216
9,82463526067476
9,82474770199144
9,8254520954273
9,8711921844806
9,56377911509843
9,87136287201849
9,3481607396072
9,34157298734184
9,33922267217262
9,33903326513831
9,3392226730312
9,34157298850735
9,34816074046557
9,87136287224955
9,82641988064689
9,34351361357413
9,29388080747679
9,29642615793971
9,29574267082423
9,29642615886485
9,29388080870851
9,34351361445757
9,82641988088102
9,87136287210244
9,34816073987017
9,34157298755861
9,3392226721644
9,3390332649147
9,33922267275042
9,34157298831637
9,3481607403915
9,87136287223701
9,56377911506192
9,87119218432603
9,82545209516275
9,82474770172879
9,82463526058214
9,8247477018751
9,82545209534827
9,87119218444985
9,56377911509325
9,76211226533588
10,0753500793207
10,0287990249289
10,028186252467
10,0280628148898
10,0281862522386
10,0287990246507
10,0753500791471
9,76211226529398
10,0755296052919
9,54440519567131
9,53869456914088
9,53624534870745
9,53606252544808
9,53624534797327
9,53869456826903
9,54440519515127
10,0755296051709
10,0296884863817
9,54072248280362
9,49151899107285
9,49404417039642
9,49335091550835
9,4940441696707
9,491518990277
9,54072248240277
10,0296884863025
10,0755296051772
9,54440519529311
9,5386945687541
9,53624534853036
9,53606252550692
9,53624534813126
9,53869456838314
9,54440519518738
10,0755296051746
9,76211226528831
10,0753500791641
10,0287990247688
10,0281862523938
10,0280628149142
10,028186252304
10,028799024698
10,075350079162
9,76211226529552
9,96040008795713
10,2793856293876
10,2320296287298
10,2315156140047
10,2313802172026
10,2315156141875
10,2320296289182
10,2793856294683
9,96040008796977
10,2795743690389
9,74076676462962
9,73598788905141
9,73343408320364
9,73325940149778
9,73343408378618
9,73598788962079
9,74076676483233
10,2795743690599
10,2328340222351
9,73810863360704
9,6894130198468
9,6919107910758
9,69120932297771
9,69191079163834
9,6894130203015
9,7381086336396
10,2328340221971
10,2795743691592
9,7407667650321
9,73598788948875
9,73343408346407
9,73325940155363
9,73343408375998
9,73598788962938
9,74076676488041
10,2795743690787
9,96040008800691
10,2793856295544
10,2320296289109
10,2315156141127
10,2313802172257
10,2315156141766
10,2320296289218
10,2793856294881
9,96040008797759
10,1586434589027
10,4832926371841
10,4351378183283
10,4347299014099
10,4345815149976
10,4347299012577
10,4351378181899
10,4832926371491
10,1586434589036
10,4834909581408
9,93725099813827
9,93345836611966
9,93079398932153
9,93062911872052
9,93079398881671
9,93345836568268
9,93725099805943
10,4834909581573
10,4358502651909
9,93567780022743
9,8875685993827
9,8900314242034
9,88932344439905
9,89003142365705
9,88756859897292
9,9356778002503
10,4358502652474
10,4834909580447
9,9372509978208
9,93345836578729
9,93079398913603
9,93062911867531
9,93079398878774
9,93345836558432
9,93725099793555
10,4834909581165
10,1586434588629
10,4832926370526
10,4351378181906
10,4347299013331
10,4345815149789
10,4347299012457
10,4351378181493
10,4832926370977
10,1586434588867
10,3568434062596
10,6870646030216
10,6381172365748
10,6378229569946
10,6376604207057
10,6378229571212
10,6381172366914
10,6870646030537
10,3568434062598
10,6872729265758
10,1338636868857
10,1311116078174
10,1283303323055
10,128177108827
10,1283303327582
10,131111608236
10,1338636870023
10,6872729265775
10,6387306562304
10,1334358325635
10,0859913763155
10,0884114605013
10,087698789423
10,0884114610863
10,0859913768595
10,1334358327194
10,6387306562345
10,6872729266268
10,1338636870399
10,1311116079291
10,1283303322884
10,1281771087442
10,1283303327493
10,1311116083599
10,1338636871668
10,6872729266313
10,3568434062807
10,6870646030855
10,638117236621
10,6378229569876
10,6376604206714
10,6378229571175
10,6381172367428
10,6870646031218
10,3568434062822
10,5550011649369
10,8906946993479
10,8409612176347
10,8407883355239
10,8406103826221
10,8407883354449
10,8409612175517
10,8906946993107
10,5550011649305
10,890913455255
10,3306109367352
10,328953349804
10,326048550575
10,3259089574668
10,3260485502556
10,3289533494519
10,3306109365556
10,8909134552191
10,84146834982
10,331388756595
10,2846869833219
10,2870563060561
10,2863408113695
10,287056305545
10,2846869827184
10,3313887562387
10,8414683497379
10,8909134552516
10,3306109367537
10,3289533499289
10,3260485508174
10,3259089577077
10,3260485503387
10,3289533493386
10,3306109363772
10,8909134551593
10,5550011649354
10,8906946993556
10,8409612176864
10,8407883356243
10,8406103827219
10,8407883354793
10,8409612175049
10,8906946992367
10,5550011649057
10,7531181961215
11,0941757495211
11,043662764693
11,0436192994019
11,0434245344809
11,0436192994113
11,0436627647225
11,0941757495596
10,7531181961344
11,094405386373
10,5274991892254
10,5269895031986
10,5239542472191
10,5238304229131
10,5239542473143
10,5269895033967
10,5274991894387
11,094405386441
11,0440562119196
10,5295427632909
10,4836610009653
10,4859713266943
10,4852549791486
10,4859713269835
10,4836610014692
10,529542763771
11,0440562120658
11,0944053863454
10,5274991890957
10,5269895029281
10,5239542468487
10,5238304225938
10,5239542472051
10,5269895035168
10,5274991896321
11,0944053865057
10,75311819611
11,0941757494675
11,043662764581
11,0436192992486
11,0434245343486
11,043619299366
11,0436627647723
11,0941757496396
10,7531181961612
10,9511961421802
11,2975001956147
11,2462145477155
11,2463087565825
11,2460956902742
11,2463087566289
11,2462145477163
11,2975001955547
10,9511961421546
11,2977412135944
10,7245351921735
10,7252261519089
10,7220532141159
10,7219474402409
10,7220532142107
10,725226151807
10,7245351918726
11,2977412134785
11,2464867172447
10,727904214055
10,6829190013812
10,6851618663905
10,6844467744871
10,6851618663225
10,6829190009673
10,7279042134353
11,2464867170291
11,2977412136269
10,7245351923153
10,7252261521775
10,7220532144537
10,7219474405004
10,7220532142529
10,7252261516332
10,7245351916489
11,2977412134063
10,9511961421936
11,2975001956735
11,2462145478267
11,2463087567225
11,2460956903816
11,2463087566463
11,2462145476444
11,297500195462
10,9511961421247
11,1492369785478
11,5006600699145
11,4486088970627
11,4488492741257
11,4486163014509
11,4488492740755
11,448608897097
11,5006600700401
11,1492369785971
11,5009130245032
10,9217260691474
10,9236695405251
10,9203514540926
10,9202661276158
10,9203514539756
10,9236695407399
10,9217260696712
11,5009130247009
11,4487520667464
10,9264796218174
10,88246650473
10,8846332585031
10,8839216106215
10,8846332585204
10,8824665052551
10,926479622695
11,4487520670586
11,5009130244885
10,9217260690776
10,923669540383
10,9203514539191
10,9202661275228
10,9203514540632
10,9236695409882
10,9217260699244
11,5009130247784
11,1492369785417
11,5006600698857
11,4486088970039
11,4488492740538
11,4486163014124
11,4488492741117
11,4486088971999
11,5006600701448
11,1492369786292
11,3472431471174
11,7036469232033
11,6508378588577
11,6512330827537
11,6509785185971
11,6512330827591
11,6508378587387
11,7036469229923
11,3472431470414
11,7039123428668
11,1190793950198
11,1223260875424
11,1188551357882
11,1187928003272
11,1188551357676
11,1223260870594
11,1190793942187
11,7039123425823
11,650844220686
11,1252756183573
11,0823090183134
11,0843907980795
11,0836849174641
11,0843907979459
11,0823090175342
11,1252756171985
11,6508442202836
11,7039123428552
11,1190793949861
11,1223260875172
11,1188551357654
11,1187928002482
11,1188551355773
11,1223260867835
11,1190793939778
11,7039123425113
11,3472431471126
11,7036469231894
11,6508378588472
11,6512330827443
11,6509785185644
11,6512330826802
11,6508378586246
11,7036469228925
11,347243147012
11,5452175512941
11,9064517370264
11,8528931545705
11,8534520127454
11,8531741290922
11,8534520127896
11,8528931547514
11,9064517372783
11,5452175513801
11,9067301447593
11,3166031955503
11,3212023825757
11,3175706764128
11,317534003722
11,3175706765783
11,3212023832328
11,3166031964574
11,9067301450691
11,8527548456411
11,3242989472443
11,2824519878697
11,2844397203077
11,2837420634822
11,2844397205423
11,2824519887451
11,3242989484341
11,8527548460457
11,9067301447904
11,3166031956594
11,3212023827189
11,3175706765593
11,3175340038769
11,3175706767601
11,3212023834288
11,3166031966102
11,9067301451125
11,5452175513069
11,9064517370717
11,8528931546298
11,8534520128061
11,8531741291564
11,8534520128648
11,8528931548326
11,9064517373415
11,5452175513982
11,7431634999361
12,1090649972322
12,0547661888393
12,0554975156142
12,0551944919785
12,0554975155571
12,0547661886788
12,1090649970329
11,7431634998698
12,1093569434092
11,514305953048
11,5203052116044
11,5165047031345
11,5164965144565
11,5165047029568
11,5203052110714
11,5143059523699
12,1093569431825
12,0544752718862
11,5235565376328
11,4829007810768
11,4847852133015
11,4840983845015
11,4847852131436
11,4829007804984
11,5235565368503
12,0544752716204
12,1093569433742
11,5143059529222
11,5203052114367
11,5165047029818
11,5164965143552
11,5165047029129
11,5203052110664
11,5143059523786
12,1093569431859
11,7431634999215
12,1090649971801
12,05476618877
12,0554975155509
12,0551944919365
12,0554975155388
12,0547661886769
12,1090649970365
11,7431634998713
11,9410846925631
12,3114766886522
12,2564479760757
12,2573606685669
12,2570305841728
12,2573606686039
12,2564479761471
12,3114766887257
11,9410846925861
12,3117827277225
11,7121966131494
11,7196415680911
11,7156640964156
11,7156873292861
11,7156640964921
11,7196415682632
11,7121966133431
12,311782727785
12,2559964767751
11,7230554667055
11,6836606490508
11,6854324333614
11,6847591686499
11,685432433311
11,6836606490494
11,7230554667701
12,2559964768027
12,311782727748
11,7121966132414
11,7196415682097
11,7156640964956
11,7156873292616
11,7156640963405
11,7196415680354
11,7121966131487
12,3117827277285
11,9410846925736
12,3114766886903
12,2564479761249
12,2573606686
12,2570305841627
12,2573606685409
12,2564479760528
12,3114766886451
11,9410846925627
12,1389852399557
12,5136762390207
12,4579291050045
12,4590321120207
12,4586729373298
12,4590321119952
12,4579291050136
12,5136762390702
12,1389852399756
12,513996942431
11,910284604081
11,9192186460763
11,9150559699742
11,9151137168429
11,9150559699549
11,9192186462156
11,9102846043454
12,5139969425273
12,4573090743783
11,9228030165908
11,8847368114931
11,8863865214144
11,8857296561508
11,8863865215821
11,8847368119591
11,9228030171673
12,4573090745696
12,5139969424209
11,910284604041
11,9192186460213
11,9150559699608
11,9151137169566
11,9150559702419
11,9192186466097
11,9102846046769
12,5139969426233
12,1389852399515
12,5136762390041
12,4579291049818
12,4590321120151
12,458672937377
12,4590321121139
12,4579291051769
12,5136762392074
12,1389852400154
12,3368697800144
12,7156524452103
12,6591998105433
12,6605020371252
12,6601116288662
12,6605020371806
12,6591998105264
12,7156524451079
12,3368697799729
12,7159883741158
12,1085799301651
12,1190438667397
12,1146877314821
12,1147832061075
12,1146877316103
12,1190438665766
12,1085799297149
12,7159883739435
12,6584032790532
12,1228066300698
12,0861343397662
12,0876525084527
12,0870149718505
12,0876525084314
12,0861343392797
12,1228066292637
12,6584032787669
12,7159883741115
12,1085799301614
12,1190438667634
12,1146877315032
12,1147832060254
12,1146877313417
12,1190438661669
12,108579929353
12,7159883738367
12,3368697800127
12,7156524452088
12,6591998105532
12,660502037134
12,6601116288323
12,6605020370692
12,6591998103568
12,7156524449579
12,3368697799287
12,5347435378517
12,9173934810132
12,860249926527
12,8617602247397
12,8613363229997
12,8617602246276
12,8602499264878
12,917393481095
12,5347435378909
12,9177452062371
12,3070931535608
12,3191248491606
12,3145670690002
12,3147035508292
12,3145670686469
12,31912484909
12,3070931539091
12,917745206393
12,8592689526567
12,3230739383652
12,2878582122427
12,2892354403777
12,2886201633472
12,2892354400493
12,2878582123381
12,323073938965
12,8592689529002
12,9177452062551
12,3070931536003
12,3191248491372
12,3145670688992
12,3147035507577
12,3145670687399
12,3191248493566
12,3070931541886
12,9177452064794
12,534743537859
12,9173934810296
12,8602499265174
12,8617602246979
12,8613363229701
12,861760224666
12,8602499265983
12,9173934812107
12,5347435379266
12,7326121847573
13,118886870741
13,0610688115054
13,0627959127368
13,0623362005968
13,0627959128844
13,0610688115983
13,1188868707045
12,7326121847312
13,1192550138963
12,5058354190574
12,5194694751917
12,5147019416167
12,5148828757354
12,5147019421348
12,5194694755115
12,5058354189176
13,1192550138005
13,0598954888307
12,523612754887
12,4899132720274
12,4911402199493
12,4905502365499
12,491140220592
12,4899132724058
12,5236127546823
13,0598954887007
13,1192550138596
12,5058354189652
12,5194694751995
12,5147019418022
12,5148828759979
12,5147019422879
12,5194694754707
12,5058354187853
13,1192550137523
12,7326121847421
13,1188868707029
13,0610688115087
13,0627959128136
13,0623362007055
13,0627959129477
13,0610688115815
13,1188868706497
12,7326121847113
12,930481958992
13,3201194208614
13,2616453926722
13,2635978564729
13,2630999311505
13,2635978563424
13,2616453925757
13,3201194208695
12,9304819590063
13,3205046539227
12,704818513733
12,7200858827208
12,7151006604868
12,7153295757829
12,7151006599861
12,7200858823239
12,7048185137175
13,3205046539616
13,2602718755813
12,7244310910065
12,692304204197
12,6933716819332
12,6928100885778
12,693371681196
12,6923042035452
12,724431090868
13,2602718755969
13,3205046539883
12,7048185139176
12,7200858827933
12,7151006602959
12,7153295754054
12,7151006596454
12,7200858821723
12,7048185137169
13,320504653974
12,9304819590191
13,3201194209379
13,2616453927023
13,2635978563938
13,2630999309942
13,2635978562012
13,261645392513
13,3201194208691
12,9304819590115
13,1283598310159
13,5210771997739
13,46196811517
13,464154329167
13,4636156578975
13,464154329247
13,4619681152391
13,5210771997865
13,1283598310133
13,5214801718869
12,9040549296637
12,9209824556673
12,9157718481541
12,9160523780408
12,9157718485091
12,9209824560186
12,9040549297949
13,5214801719025
13,4603866936171
12,9255371167477
12,895035512159
12,8959345715087
12,8954044656545
12,8959345721525
12,8950355128918
12,9255371171495
13,4603866937039
13,5214801717853
12,904054929354
12,9209824554453
12,9157718482403
12,9160523783918
12,9157718488907
12,9209824562383
12,9040549298504
13,5214801719052
13,1283598309738
13,5210771996457
13,4619681150782
13,4641543292027
13,463615658043
13,4641543294049
13,4619681153302
13,5210771998094
13,1283598310144
13,3262535293859
13,7217454305458
13,6620249164523
13,6644530175268
13,6638709470932
13,6644530174822
13,6620249163808
13,7217454304826
13,3262535293671
13,7221667752978
13,1035578887715
13,1221678814604
13,1167244979646
13,1170603917196
13,116724497722
13,1221678810808
13,1035578884426
13,7221667752017
13,660228092686
13,1269391976485
13,0981115438823
13,0988335287717
13,0983380478546
13,0988335282358
13,0981115430592
13,1269391969487
13,6602280924832
13,7221667754301
13,1035578891932
13,1221678818402
13,1167244980418
13,1170603915087
13,1167244974474
13,1221678809344
13,1035578884294
13,7221667752094
13,3262535294406
13,7217454307204
13,6620249166097
13,6644530175587
13,6638709470059
13,6644530173683
13,6620249163203
13,721745430477
13,3262535293703
13,5241715336584
13,9221084928886
13,8618032508537
13,8644810264167
13,8638527889165
13,864481026468
13,8618032509834
13,9221084930431
13,524171533709
13,9225487965706
13,3033414119659
13,3236511086922
13,3179679918098
13,3183630461386
13,3179679920622
13,3236511092586
13,3033414126023
13,9225487967759
13,8597838374408
13,3286458497134
13,301536440285
13,3020730670238
13,3016153058808
13,3020730675354
13,3015364412923
13,3286458507615
13,8597838377704
13,92254879643
13,303341411508
13,3236511082401
13,3179679916186
13,3183630461967
13,3179679921652
13,3236511092467
13,3033414125083
13,9225487967393
13,5241715336002
13,9221084926989
13,8618032506666
13,8644810263375
13,8638527889406
13,8644810265106
13,8618032509785
13,9221084930041
13,5241715336939
13,7221231702497
14,1221497960916
14,0612900565187
14,0642248305557
14,0635476483291
14,0642248304786
14,0612900563189
14,1221497958516
13,7221231701706
14,1226096350247
13,5034203889839
13,525441339492
13,5195121309643
13,5199701504395
13,5195121306575
13,5254413387324
13,5034203880888
14,1226096347319
14,0590412853546
13,5306657712683
13,5053141460663
13,505657584916
13,5052406238498
13,505657584436
13,5053141449633
13,5306657700143
14,0590412849486
14,1226096351416
13,5034203893621
13,5254413398615
13,5195121311295
13,5199701504411
13,5195121306869
13,5254413388988
13,5034203882991
14,1226096348006
13,722123170298
14,1221497962482
14,0612900566718
14,064224830624
14,0635476483299
14,0642248304907
14,0612900563879
14,1221497959386
13,7221231701991
13,9201186594938
14,3218517378781
14,2604717217568
14,2636702460696
14,2629413685402
14,2636702461469
14,2604717219661
14,3218517381344
13,9201186595785
14,322331656225
13,7038106229128
13,7275481238939
13,7213671508339
13,7218918917518
13,721367151092
13,7275481246137
13,7038106238044
14,322331656521
14,2579872451654
13,7330078319218
13,7094482832888
13,7095913063199
13,7092182501966
13,709591306604
13,7094482841412
13,7330078330062
14,257987245528
14,3223316561594
13,7038106227149
13,7275481237497
13,721367150845
13,7218918918203
13,7213671510305
13,7275481243609
13,7038106235168
14,3223316564297
13,9201186594666
14,3218517377961
14,2604717216972
14,2636702460741
14,2629413685686
14,2636702461214
14,2604717218615
14,3218517380152
13,9201186595407
14,1181691969947
14,5211956952237
14,4593340596018
14,4628024185006
14,4620191149296
14,4628024184643
14,4593340594655
14,5211956950383
14,1181691969315
14,5216961925863
13,9045288399717
13,9299813445929
13,9235437252636
13,9241389077695
13,923543725196
13,9299813441998
13,9045288393874
14,5216961923834
14,4566081352924
13,9356810961817
13,9139423010993
13,9138783352812
13,9135522127405
13,9138783353611
13,9139423008448
13,9356810956391
14,4566081350914
14,5216961925932
13,9045288399604
13,9299813444647
13,9235437250152
13,9241389075562
13,9235437252077
13,9299813444605
13,9045288396977
14,5216961924822
14,1181691969975
14,521195695219
14,4593340595489
14,4628024183977
14,4620191148413
14,462802418469
14,4593340595735
14,5211956951668
14,1181691969724
14,3162871039631
14,7201618949205
14,6578623392607
14,6616058362015
14,6607653865285
14,6616058361888
14,6578623392966
14,7201618949991
14,3162871039922
14,7206834690973
14,105592763648
14,1327511597196
14,1260529841365
14,1267222776156
14,1260529840054
14,1327511597192
14,1055927638216
14,720683469171
14,6548899861551
14,1386947080419
14,1187993121894
14,118522606006
14,118246354158
14,1185226056071
14,1187993118435
14,1386947079787
14,6548899861678
14,7206834691313
14,105592763804
14,1327511600335
14,1260529845481
14,1267222779382
14,1260529840563
14,1327511594938
14,1055927635317
14,7206834690774
14,3162871039772
14,7201618949851
14,6578623393909
14,6616058363718
14,6607653866622
14,6616058362097
14,6578623392033
14,7201618948789
14,3162871039535
14,5144858382923
14,9187293669069
14,856041234158
14,8600642693389
14,8591640027963
14,8600642693616
14,8560412341709
14,9187293668989
14,5144858382875
14,9192724096499
14,307021249853
14,3358680674996
14,3289065822266
14,3296535406028
14,328906582388
14,3358680676662
14,3070212499243
14,9192724096612
14,8528183477139
14,342058054362
14,3240221618851
14,3235278624667
14,3233043258071
14,323527862891
14,3240221624237
14,3420580547223
14,8528183478052
14,9192724096101
14,3070212496811
14,3358680671789
14,3289065818262
14,3296535402925
14,3289065823272
14,3358680678534
14,3070212501723
14,9192724097414
14,5144858382758
14,9187293668356
14,8560412340254
14,860064269173
14,8591640026679
14,8600642693363
14,8560412342485
14,9187293670016
14,5144858383207
14,71278013054
15,1168758765837
15,0538548457326
15,0581607107949
15,0571981285039
15,058160710812
15,0538548457463
15,1168758765845
14,7127801305388
15,1174406137257
14,508834339908
14,5393428657493
14,5321167073054
14,532944665632
14,5321167073173
14,5393428657247
14,5088343398501
15,117440613704
15,0503783009182
14,5457806277262
14,529613366589
14,5288976688253
14,5287295450659
14,5288976687089
14,5296133663605
14,5457806274889
15,0503783008437
15,1174406137368
14,5088343399694
14,5393428658994
14,5321167075221
14,5329446658044
14,5321167073282
14,539342865567
14,5088343396569
15,1174406136421
14,7127801305446
15,1168758766091
15,053854845795
15,0581607108846
15,0571981285753
15,0581607108164
15,053854845681
15,1168758765044
14,7127801305132
14,9111860448415
15,3145777565153
15,2512865985408
15,2558772799055
15,2548500947929
15,2558772798369
15,2512865984759
15,3145777564954
14,9111860448404
15,3151643231252
14,7110533242407
14,74318672314
14,7356961636428
14,7366081253854
14,7356961634008
14,7431867229126
14,7110533241724
15,3151643231222
15,2475545441706
14,7498720168332
14,7355750659749
14,7346353854248
14,734525150585
14,7346353851216
14,735575065694
14,7498720167541
15,2475545441691
15,3151643231593
14,7110533243487
14,7431867232387
14,7356961636814
14,7366081253936
14,73569616345
14,7431867230273
14,7110533242935
15,3151643231599
14,9111860448556
15,31457775656
15,2512865985818
15,2558772799214
15,2548500947964
15,2558772798571
15,2512865985235
15,3145777565455
14,911186044856
15,1097210766492
15,5118099360884
15,4483193214822
15,4531952814539
15,4521014686
15,4531952815404
15,4483193215577
15,5118099361029
15,1097210766466
15,5124183074143
14,9137008108736
14,9474111654971
14,9396583552139
14,940656928628
14,9396583555637
14,947411165828
14,9137008109766
15,5124183074202
15,4443313529378
14,9543419239109
14,9419090698053
14,940744107273
14,9406939525157
14,9407441078326
14,9419090703961
14,9543419241808
15,4443313529849
15,5124183073446
14,9137008106324
14,9474111652057
14,9396583549885
14,9406569285068
14,9396583555126
14,9474111657975
14,9137008109509
15,5124183074121
15,1097210766203
15,5118099359884
15,4483193213617
15,4531952813604
15,4521014685499
15,4531952815192
15,4483193215451
15,5118099360923
15,1097210766433
15,3084042631576
15,7085457797845
15,6449351548202
15,6500951225931
15,6489330031384
15,6500951225261
15,6449351547802
15,7085457798052
15,3084042631709
15,7091757414157
15,1168008174093
15,1520281020132
15,1440173067992
15,1451046815704
15,1440173064928
15,1520281017704
15,1168008173997
15,7091757414394
15,6406925697749
15,1592001513164
15,1486167868529
15,1472267005103
15,1472385090707
15,1472266999371
15,1486167862712
15,1592001510802
15,6406925697412
15,7091757414929
15,1168008176791
15,1520281023449
15,1440173070534
15,1451046816746
15,1440173064643
15,1520281016793
15,11680081732
15,7091757414165
15,3084042631895
15,7085457798962
15,6449351549577
15,6500951226983
15,6489330031816
15,6500951225141
15,6449351547426
15,7085457797721
15,3084042631614
15,5072564037798
15,9047569212036
15,8411155401398
15,8465562605127
15,8453245159136
15,8465562605643
15,8411155401578
15,9047569211659
15,5072564037617
15,9054080751392
15,32037890348
15,3570498350026
15,34878775447
15,3499655692112
15,3487877547199
15,3570498351656
15,3203789034278
15,9054080750985
15,8366215690955
15,364456614121
15,3556990862241
15,354085754932
15,354160977329
15,3540857554311
15,3556990867006
15,3644566142754
15,8366215691066
15,9054080750854
15,3203789032944
15,3570498347858
15,3487877543361
15,3499655692237
15,3487877548655
15,3570498353669
15,3203789035877
15,9054080751434
15,5072564037575
15,9047569211266
15,8411155400503
15,8465562604572
15,8453245159189
15,8465562606245
15,8411155402412
15,9047569212321
15,5072564037804
15,7063001405773
16,1004131898848
16,0368412526618
16,0425571444981
16,0412549070928
16,0425571444191
16,036841252596
16,1004131898771
15,7063001405815
16,1010849436327
15,5244622650104
15,5624890385128
15,5539851428901
15,5552544244075
15,5539851425678
15,5624890382174
15,5244622649319
16,1010849436333
16,0321012479395
15,5701212922993
15,5631564217486
15,5613235885853
15,5614631956557
15,5613235880622
15,5631564212053
15,5701212920623
16,0321012479011
16,1010849436456
15,5244622650503
15,5624890385385
15,5539851428529
15,5552544242775
15,5539851423583
15,5624890379855
15,5244622647587
16,1010849435851
15,7063001405827
16,1004131899013
16,0368412526726
16,0425571444826
16,0412549070391
16,0425571443322
16,0368412525001
16,1004131898053
15,7063001405616
15,9055599927101
16,295482514371
16,2320923869067
16,2380752312989
16,2367021398992
16,2380752314393
16,2320923870746
16,2954825144726
15,905559992734
16,2961740782835
15,7290797855839
15,768358771054
15,7596256962953
15,7609867374561
15,7596256967971
15,7683587716547
15,7290797859477
16,2961740783693
16,227114093158
15,776204236817
15,7709887439071
15,7689421784471
15,7691466145482
15,7689421790947
15,7709887446839
15,776204237289
16,2271140932696
16,2961740783093
15,7290797856779
15,7683587711865
15,7596256964404
15,7609867376047
15,7596256969498
15,7683587717986
15,7290797860512
16,2961740783977
15,9055599927208
16,2954825144099
16,2320923869618
16,2380752313589
16,2367021399609
16,2380752315024
16,2320923871343
16,2954825145154
15,9055599927458
16,1050626283744
16,4899307728448
16,426848329324
16,4330868499971
16,4316432133307
16,4330868498131
16,4268483290777
16,489930772667
16,105062628327
16,490641130038
15,9342622243247
15,9746725087872
15,9657264582906
15,9671786704855
15,9657264576709
15,9746725079636
15,9342622237354
16,4906411298822
16,4216421813705
15,9827155048244
15,9791954507011
15,9769431417986
15,9772122401249
15,9769431411015
15,9791954497907
15,982715504189
16,4216421812049
16,4906411299899
15,93426222416
15,9746725085957
15,9657264581594
15,9671786704438
15,9657264576905
15,9746725079976
15,9342622237571
16,4906411298873
16,1050626283544
16,4899307727766
16,4268483292448
16,4330868499427
16,4316432133136
16,4330868498211
16,4268483290919
16,4899307726759
16,1050626283292
16,3048371464041
16,6837215953517
16,6210877241386
16,6275670996325
16,626054155768
16,6275670998013
16,6210877243769
16,6837215955366
16,3048371464552
16,684449453049
16,1400423443836
16,1814441165425
16,1723053567284
16,1738471138455
16,1723053572707
16,1814441173041
16,1400423449698
16,6844494532107
16,6156672082117
16,1896651549127
16,1877753847527
16,1853277069741
16,1856606744263
16,185327707512
16,1877753854939
16,1896651554694
16,6156672083633
16,6844494531007
16,140042344551
16,1814441166984
16,1723053567562
16,1738471137179
16,1723053570537
16,1814441170939
16,1400423448345
16,6844494531757
16,3048371464255
16,683721595421
16,6210877242033
16,627567099644
16,6260541557152
16,6275670997112
16,6210877242899
16,6837215954805
16,3048371464408
16,504915106111
16,8768163031946
16,8147884804894
16,821489875141
16,8199099012545
16,821489875034
16,8147884803268
16,8768163030579
16,5049151060715
16,8775599584357
16,3464550356499
16,3886878826329
16,3793812890147
16,3810097095682
16,3793812886919
16,3886878821407
16,3464550352349
16,8775599583159
16,8091704957156
16,3970632413545
16,3967267238323
16,3940966731865
16,3944920172215
16,3940966729302
16,3967267234369
16,397063241017
16,8091704956176
16,8775599583906
16,3464550355139
16,3886878825445
16,3793812890918
16,3810097098162
16,3793812890141
16,3886878824192
16,3464550354022
16,8775599583575
16,5049151060923
16,8768163031381
16,8147884804528
16,8214898751728
16,8199099013573
16,8214898751674
16,8147884804421
16,8768163031272
16,5049151060888
16,7053306648267
17,0691737099416
17,0079276941529
17,0148277847775
17,0131842588304
17,0148277848309
17,0079276942511
17,0691737100394
16,7053306648569
17,0699310195857
16,5535374322746
16,5964185307725
16,5869741251206
16,588684915811
16,5869741252726
16,5964185310661
16,5535374325761
17,0699310196802
17,0021331291615
16,6049197403364
16,6060470140642
16,603250395074
16,6037058179325
16,6032503951674
16,6060470142886
16,6049197405972
17,0021331292464
17,0699310196245
16,5535374323864
16,5964185308244
16,5869741250145
16,5886849155686
16,586974125008
16,5964185308811
16,553537432492
17,0699310196628
16,7053306648427
17,0691737099879
17,0079276941745
17,0148277847336
17,01318425873
17,0148277847212
17,0079276941745
17,0691737100046
16,7053306648498
16,9061208507286
17,2607499393468
17,2004816955186
17,2075520573565
17,2058498676819
17,2075520573109
17,2004816954188
17,2607499392364
16,9061208506931
17,2615182624395
16,7613291356549
16,8046512027944
16,7951047918162
16,7968919770451
16,795104791659
16,804651202447
16,7613291352682
17,2615182623151
17,1945358786823
16,8132444743072
16,815733070859
16,8127887913211
16,8133010839574
16,812788791134
16,8157330704353
16,8132444738291
17,194535878528
17,2615182624013
16,7613291355426
16,8046512027278
16,7951047918688
16,7968919771671
16,7951047917336
16,8046512024134
16,7613291351829
17,2615182622845
16,9061208507127
17,2607499393002
17,2004816954911
17,2075520573782
17,2058498677324
17,2075520573417
17,2004816954049
17,260749939201
16,9061208506805
17,1073257447294
17,4514982746928
17,3924260199248
17,3996324934543
17,3978781757005
17,3996324935205
17,3924260200621
17,4514982748405
17,1073257447764
17,4522744053476
16,9698722954414
17,0134014631814
17,0037953446424
17,0056510638882
17,0037953449049
17,0134014637109
16,9698722960009
17,4522744055245
17,3863592009142
17,0220471901729
17,0257809875474
17,0227112545868
17,0232761581804
17,0227112549961
17,0257809883347
17,0220471909796
17,3863592011663
17,4522744053885
16,9698722955659
17,0134014632788
17,0037953446623
17,005651063905
17,0037953450385
17,0134014639785
16,9698722962661
17,4522744056055
17,1073257447463
17,4514982747443
17,3924260199652
17,3996324934624
17,3978781757075
17,3996324935757
17,392426020173
17,4514982749503
17,1073257448099
17,308988841087
17,6413689256201
17,5837354062897
17,5910373428153
17,5892393076701
17,5910373427538
17,5837354061604
17,6413689254801
17,3089888410424
17,6421490106586
17,1792118530268
17,2226853150785
17,2130690507495
17,2149832807259
17,2130690504816
17,2226853145455
17,1792118524685
17,6421490104827
17,5775833107948
17,2313374340009
17,2361860203036
17,2330166279013
17,2336287223838
17,2330166274279
17,2361860194259
17,2313374331245
17,5775833105233
17,6421490106181
17,1792118529049
17,2226853149858
17,2130690507236
17,2149832806656
17,213069050252
17,2226853141483
17,1792118520947
17,64214901037
17,3089888410703
17,6413689255695
17,5837354062514
17,5910373428045
17,5892393076452
17,5910373426586
17,583735405996
17,6413689253253
17,3089888409958
17,5111571579258
17,8303087873587
17,7743837768106
17,7817332676182
17,7799021041141
17,7817332676206
17,7743837768415
17,8303087874086
17,5111571579434
17,8310882749618
17,3893957025319
17,4325192151626
17,4229504375899
17,4249106611903
17,4229504376516
17,4325192153524
17,3893957027754
17,8310882750435
17,7681882411343
17,4411245183378
17,4469425645443
17,4437031462555
17,4443557637872
17,4437031464784
17,4469425650025
17,4411245188274
17,7681882412897
17,8310882749966
17,3893957026256
17,4325192151921
17,4229504375198
17,4249106611473
17,422950437806
17,4325192157176
17,3893957031467
17,8310882751576
17,5111571579403
17,8303087873975
17,7743837768228
17,7817332675891
17,7799021040964
17,7817332676845
17,7743837769928
17,8303087875624
17,5111571579907
17,7138815245334
18,0182612612774
17,9643441994601
17,9716852553709
17,9698340919056
17,9716852554537
17,9643441995729
18,018261261361
17,7138815245559
18,0190348049988
17,6004749282806
17,64292007826
17,6334653964838
17,6354561958088
17,633465396736
17,6429200785982
17,6004749285257
18,0190348050641
17,9581538500692
17,6514174284522
17,6580440745419
17,65476846219
17,6554535392639
17,6547684623985
17,6580440748035
17,651417428624
17,9581538501123
18,0190348049702
17,6004749282207
17,6429200783175
17,6334653967071
17,6354561960501
17,6334653967801
17,6429200783877
17,6004749282441
18,0190348049721
17,7138815245215
18,0182612612526
17,964344199484
17,9716852554633
17,9698340920056
17,9716852554719
17,9643441994857
18,0182612612444
17,7138815245178
17,9172169648439
18,2051659660084
18,1535889218573
18,1608564494927
18,1590013515071
18,1608564493586
18,1535889216488
18,205165965829
17,9172169647916
18,2059273628792
17,8125040059052
17,8539052638305
17,8446412524847
17,8466439556092
17,8446412520289
17,8539052631207
17,8125040052932
18,2059273627006
18,1474600113158
17,8622247537049
17,8694830819229
17,8662094939047
17,8669175106631
17,8662094933804
17,8694830811025
17,8622247529944
18,1474600111082
18,2059273629106
17,8125040059646
17,8539052637326
17,8446412521527
17,8466439551961
17,8446412517896
17,8539052631612
17,8125040054672
18,2059273627647
17,9172169648569
18,205165966033
18,1535889218168
18,1608564493552
18,159001351336
18,1608564492594
18,1535889216656
18,205165965901
17,9172169648182
18,121223060865
18,390958428645
18,3420894317582
18,3492080725462
18,3473684563865
18,3492080726676
18,3420894319637
18,3909584288363
18,1212230609226
18,3917005547379
18,0255410666652
18,0654925352623
18,0565068650217
18,0584991119496
18,0565068654542
18,065492535995
18,0255410673475
18,3917005549436
18,3360866929906
18,0735545215007
18,0812511193127
18,0780224314349
18,0787423097789
18,0780224319902
18,0812511202532
18,0735545223762
18,3360866932546
18,3917005546879
18,0255410665445
18,0654925352981
18,0565068653325
18,058499112397
18,0565068657671
18,065492536034
18,0255410672294
18,3917005548944
18,1212230608443
18,3909584285949
18,3420894317731
18,349208072675
18,3473684565718
18,3492080727971
18,3420894319798
18,3909584287874
18,1212230609023
18,3259642135257
18,5755698667013
18,5298163982627
18,5366993569567
18,5348984220949
18,5366993568844
18,5298163981211
18,5755698665548
18,3259642134796
18,576284458938
18,2396481827898
18,2777000633865
18,2690927495673
18,2710479933201
18,2690927492916
18,2777000628558
18,2396481822459
18,5762844587679
18,5240140645144
18,2854142032619
18,293338680699
18,2902026785589
18,290921602513
18,290202678158
18,2933386799476
18,2854142025057
18,5240140642795
18,5762844590188
18,2396481830232
18,2777000635076
18,2690927494134
18,271047992998
18,2690927490627
18,2777000628646
18,2396481823865
18,5762844588221
18,3259642135592
18,575569866798
18,5298163983128
18,5366993568929
18,5348984219616
18,5366993567895
18,5298163981249
18,5755698666131
18,3259642135021
18,5315099778397
18,7589269235762
18,7167396320249
18,7232873839579
18,7215526260187
18,723287383999
18,7167396321193
18,7589269236835
18,5315099778744
18,7596043706764
18,454891592693
18,4905464612505
18,4824311481963
18,4843181565331
18,4824311483688
18,4905464616257
18,4548915931074
18,7596043708094
18,7112224666172
18,4978106500717
18,5057351173055
18,5027447356436
18,5034480804158
18,5027447359351
18,5057351178912
18,497810650689
18,7112224668123
18,7596043705659
18,4548915923465
18,4905464609543
18,482431148145
18,4843181566533
18,4824311484272
18,4905464614936
18,4548915928965
18,7596043707375
18,531509977794
18,7589269234327
18,7167396319023
18,7232873839366
18,7215526260684
18,7232873840232
18,7167396320647
18,7589269235961
18,5315099778447
18,7379355552006
18,9409512218805
18,9028281350466
18,9089269885417
18,9072908384764
18,9089269884932
18,9028281349503
18,9409512217799
18,7379355551688
18,9415804500931
18,6713420013249
18,7040507271302
18,6965561697626
18,6983384157425
18,6965561695647
18,7040507267499
18,6713420009355
18,9415804499715
18,8976925679587
18,7107499562316
18,7184285967807
18,7156422098387
18,7163133843621
18,7156422095179
18,7184285961924
18,7107499556491
18,8976925677787
18,9415804502156
18,6713420017213
18,704050727518
18,6965561699419
18,6983384157662
18,6965561696382
18,7040507269796
18,6713420012012
18,9415804500565
18,7379355552513
18,9409512220447
18,9028281352072
18,9089269886159
18,9072908384862
18,9089269885237
18,9028281350454
18,94095122189
18,7379355552041
18,9453222031183
19,1215591228775
19,0880501733418
19,0935706404668
19,0920710521554
19,0935706405295
19,0880501734448
19,1215591229708
18,9453222031462
19,1221273687633
18,889074899679
18,9182322284871
18,9115038637841
18,9131388977092
18,9115038640252
18,9182322288807
18,8890749000337
19,1221273688689
19,0834054657441
18,9242373522719
18,9314060500228
18,928887757155
18,9295080403036
18,928887757512
18,9314060505989
18,9242373527855
19,0834054658962
19,1221273686558
18,8890748993327
18,9182322281533
18,9115038636366
18,9131388976934
18,9115038639528
18,9182322286591
18,8890748997803
19,122127368788
18,9453222030739
19,1215591227341
19,0880501732035
19,0935706404057
19,0920710521489
19,0935706404996
19,088050173353
19,1215591228659
18,9453222031127
19,153757669277
19,3006612619616
19,2723732389896
19,2771682688162
19,2758493670129
19,277168268777
19,2723732389363
19,3006612619222
19,1537576692664
19,3011539398974
19,1081708906213
19,1331107012993
19,1273124060423
19,128751147629
19,1273124058942
19,1331107010966
19,1081708904707
19,3011539398567
19,2683428022247
19,1382771063514
19,1446531032025
19,1424729476581
19,1430213098629
19,1424729474458
19,1446531029092
19,1382771061303
19,2683428021645
19,3011539399675
19,1081708908343
19,1331107014565
19,127312406019
19,1287511474973
19,1273124058355
19,133110701201
19,1081708906398
19,3011539399141
19,153757669306
19,3006612620498
19,2723732390548
19,2771682688067
19,2758493669583
19,2771682687527
19,2723732389795
19,3006612619923
19,1537576692902
19,3633367246423
19,4781621119438
19,455764092147
19,4596671425537
19,4585800885338
19,4596671425299
19,4557640920965
19,4781621118886
19,3633367246247
19,4785626433876
19,3287161097041
19,3487062268953
19,3440221997609
19,3452081493778
19,3440221996768
19,3487062267159
19,3287161095084
19,478562643325
19,4524869865008
19,3528722508404
19,3581539876615
19,3563882337925
19,3568412058014
19,3563882336867
19,3581539874347
19,3528722505919
19,4524869864214
19,4785626433606
19,328716109644
19,3487062269401
19,3440221999805
19,345208149684
19,3440221998992
19,348706226765
19,3287161094519
19,4785626432991
19,3633367246312
19,478162111919
19,4557640921656
19,4596671426447
19,4585800886606
19,459667142622
19,4557640921168
19,4781621118652
19,3633367246139
19,57416169497
19,653959563906
19,6381887257296
19,6410116735119
19,640215564564
19,6410116735884
19,638188725861
19,6539595640297
19,5741616950075
19,654249051309
19,5508026467586
19,5650391678505
19,5616760454189
19,5625443513103
19,561676045695
19,5650391683235
19,5508026472031
19,6542490514435
19,6358213600478
19,5680245712827
19,5718915013954
19,5706228551851
19,5709543947677
19,5706228555473
19,571891502014
19,5680245718623
19,635821360223
19,6542490513062
19,550802646718
19,5650391676904
19,5616760451118
19,5625443509405
19,5616760454012
19,5650391681833
19,5508026471788
19,6542490514453
19,5741616949689
19,6539595638892
19,6381887256633
19,6410116733847
19,6402155644109
19,6410116734668
19,6381887258029
19,6539595640196
19,5741616950083
19,7863430486801
19,8279444527128
19,8196124699568
19,821143257427
19,8207061419443
19,8211432573592
19,8196124698446
19,8279444526104
19,7863430486494
19,8281013772262
19,7745289102672
19,7821301696734
19,7803193089467
19,7807957862186
19,7803193087023
19,7821301692693
19,7745289098989
19,8281013771161
19,8183304303371
19,7837343440942
19,7858469557298
19,7851646540759
19,7853461234298
19,7851646537553
19,7858469552009
19,7837343436129
19,8183304301933
19,828101377236
19,7745289103203
19,7821301698062
19,7803193091653
19,7807957864709
19,7803193089089
19,7821301693842
19,7745289099372
19,8281013771217
19,7863430486841
19,8279444527348
19,8196124700118
19,8211432575175
19,8207061420487
19,8211432574449
19,8196124698921
19,8279444526263
19,7863430486517
20,0000000244479
20,0000000489233
20,0000000489217
20,0000000489203
20,0000000489203
20,0000000489203
20,0000000489217
20,0000000489233
20,0000000244478
20,0000000489234
20,0000000976573
20,0000000976207
20,0000000976208
20,0000000976204
20,0000000976208
20,0000000976207
20,0000000976573
20,0000000489234
20,0000000489231
20,0000000976207
20,0000000975716
20,0000000975715
20,0000000975712
20,0000000975715
20,0000000975716
20,0000000976207
20,0000000489231
20,0000000489234
20,0000000976573
20,0000000976207
20,0000000976208
20,0000000976204
20,0000000976208
20,0000000976207
20,0000000976573
20,0000000489234
20,0000000244479
20,0000000489233
20,0000000489217
20,0000000489203
20,0000000489203
20,0000000489203
20,0000000489217
20,0000000489233
20,0000000244478
