5,67812124537892E-10
1,13565754706783E-09
1,13245282018599E-09
1,13137675747201E-09
1,13131878641226E-09
1,13137673872841E-09
1,13245279604985E-09
1,13565753057165E-09
5,67812120296386E-10
1,13571077862588E-09
2,21953496462571E-09
2,19591283945497E-09
2,19398903164628E-09
2,19391474907043E-09
2,19398896137075E-09
2,19591274822816E-09
2,21953490151929E-09
1,13571076227289E-09
1,13357564775746E-09
2,19791186459242E-09
2,16516779070189E-09
2,16273832394705E-09
2,16275324522171E-09
2,16273822444102E-09
2,16516765965567E-09
2,19791177202243E-09
1,13357562345267E-09
1,13571078215602E-09
2,21953497045686E-09
2,19591282339084E-09
2,19398898002143E-09
2,19391467512982E-09
2,19398889491647E-09
2,19591270998682E-09
2,21953488901401E-09
1,13571076055683E-09
5,67812126000238E-10
1,13565754948366E-09
1,13245281353143E-09
1,13137673608589E-09
1,13131875578156E-09
1,13137671119919E-09
1,13245278020833E-09
1,13565752539158E-09
5,67812119585609E-10
0,199723036856049
0,20622704063859
0,205180044241172
0,205115173958362
0,205114590832104
0,205115171982309
0,205180041817289
0,206227039106452
0,199723036483015
0,206227577480689
0,194148615782647
0,193488391776263
0,19344670169899
0,193443160455684
0,193446694194534
0,193488382445833
0,194148609749248
0,206227575987188
0,205245839969199
0,19352343605768
0,191730590434706
0,191799144121174
0,191788994081633
0,191799133255864
0,191730576609539
0,193523426780013
0,205245837612951
0,206227578110798
0,194148617082887
0,193488390175912
0,193446695148121
0,193443150811472
0,193446685686191
0,193488377918108
0,194148608629098
0,206227575924994
0,199723037117001
0,206227041177107
0,205180043578433
0,205115171245392
0,205114586838061
0,205115168458728
0,205180039942283
0,206227038642651
0,199723036457284
0,399444877514726
0,412452859808981
0,410359185615205
0,410229557767785
0,410228535117914
0,410229559466334
0,410359187342462
0,412452860514964
0,399444877616946
0,412453958317103
0,388298549562737
0,386979523959061
0,386896144723809
0,386888965022354
0,386896151287916
0,386979530880003
0,38829855271282
0,412453958862927
0,410490664692319
0,387049674218546
0,383465894976496
0,383603099535723
0,383582796063217
0,383603109326905
0,383465905910456
0,387049679964367
0,410490665880862
0,412453957197212
0,388298547164706
0,386979526335838
0,386896155210788
0,38688898022213
0,38689616393583
0,386979536488455
0,388298552986782
0,412453958507294
0,399444877050944
0,412452858815812
0,4103591865995
0,410229562110882
0,410228541412762
0,410229564704297
0,410359189665009
0,412452860628278
0,399444877469635
0,599164269768351
0,618676347279735
0,615536629161717
0,615342392041824
0,615341032978211
0,615342392288662
0,615536630215109
0,618676348758491
0,599164270275182
0,61867799185598
0,582451073898989
0,580476153993388
0,580351160354048
0,580340314046207
0,580351161212792
0,58047615771489
0,582451079141016
0,618677993654129
0,615733560961003
0,58058137712904
0,57521077076206
0,575416623560814
0,575386198697158
0,575416624604248
0,575210775444179
0,580581383773257
0,615733563244143
0,618677993168356
0,582451076795084
0,580476151712483
0,580351149477399
0,580340298932303
0,580351150247957
0,580476155302138
0,582451081928136
0,618677994935374
0,599164270311851
0,61867634847916
0,615536628217088
0,615342387537261
0,615341026718808
0,615342387747654
0,615536629215964
0,618676349912857
0,599164270805806
0,798879923129887
0,82489627921726
0,820711494668942
0,820452893475023
0,820451217723303
0,820452892140921
0,820711492536206
0,824896277331648
0,798879922573746
0,824898384403809
0,776607608637468
0,773980999751573
0,773814480023298
0,773799941227321
0,773814474526803
0,773980991041318
0,776607601000281
0,824898382159429
0,820973477665795
0,774121203181285
0,766969992995618
0,767244513633722
0,767204002252181
0,767244504589038
0,766969978841453
0,774121190920676
0,820973474082119
0,824898383318257
0,776607606301943
0,773981001804342
0,773814488835046
0,773799952247196
0,773814480208124
0,773980988412582
0,776607594793991
0,824898379966655
0,798879922680333
0,824896278250013
0,820711495519137
0,820452897124472
0,820451222287273
0,820452894493945
0,820711491447572
0,824896274761343
0,798879921665659
0,998590439444008
1,03111136729476
1,02588289487931
1,02556045452642
1,0255585104971
1,0255604550022
1,02588289492623
1,03111136674312
0,998590439204706
1,03111397177057
0,97076949866252
0,967496749158515
0,967288953309426
0,967270588784627
0,96728895628595
0,967496751242508
0,970769498282614
1,03111397137152
1,0262095266249
0,967671901772029
0,958748257380532
0,959091588382489
0,959040735536596
0,959091595649455
0,9587482652162
0,967671905557201
1,0262095273357
1,031113972225
0,970769499278777
0,967496746722119
0,967288947105568
0,967270582669185
0,96728895547665
0,967496756873696
0,970769505569321
1,03111397373397
0,998590439632204
1,03111136754997
1,02588289387023
1,02556045195696
1,02555850796421
1,02556045466686
1,02588289725821
1,03111136976079
0,998590440183049
1,19829437607803
1,23732047323408
1,23104992608808
1,23066427190068
1,23066216788325
1,23066427255263
1,23104992849672
1,23732047649909
1,19829437718767
1,23732362813601
1,16493815691056
1,16102631085404
1,1607772269818
1,16075499709717
1,16077722811573
1,16102631765628
1,16493816707095
1,23732363166832
1,23144057125222
1,16123606332698
1,15055040306749
1,15096266993699
1,15090136846884
1,15096266818414
1,15055040698651
1,16123607237715
1,23144057464275
1,23732362851205
1,16493815861435
1,1610263141999
1,16077723111598
1,16075499975661
1,16077722724482
1,16102631351711
1,164938162586
1,23732363027413
1,19829437623376
1,23732047393969
1,23104992747377
1,23066427361289
1,23066216898475
1,23066427219211
1,23104992678263
1,23732047464176
1,19829437661032
1,39799049142145
1,4435223691147
1,43621160005644
1,43576349846154
1,43576124710492
1,43576349840703
1,4362115981223
1,44352236586976
1,39799049026618
1,44352616709771
1,35911483866898
1,3545724060035
1,35428217119397
1,35425604164014
1,35428217143829
1,35457239976978
1,35911482765282
1,44352616313756
1,43666567540825
1,35481653873446
1,34238126501623
1,34286248449038
1,34279060649233
1,34286248598656
1,3423812588018
1,3548165260882
1,43666567075466
1,44352616600476
1,3591148350484
1,35457240217779
1,35428216900388
1,35425604105411
1,35428217109603
1,35457239870756
1,35911482631715
1,44352616269819
1,39799049096884
1,44352236761526
1,43621159847207
1,43576349755452
1,43576124686222
1,43576349826529
1,43621159768234
1,44352236531657
1,39799049008421
1,59767760327027
1,64971585899986
1,64136701300731
1,64085732145028
1,64085490942548
1,64085731972162
1,64136701212475
1,64971585978258
1,59767760370297
1,64972033666513
1,5533009036517
1,54813775550129
1,54780663001098
1,54777648090125
1,54780662442077
1,54813775320569
1,553300907141
1,64972033840699
1,64188384493783
1,54841609112319
1,53424555306281
1,53479588426489
1,53471316058107
1,53479587863441
1,53424555240997
1,54841609748343
1,64188384770976
1,64972033812984
1,55330090800847
1,54813775843941
1,54780662932491
1,54777647912622
1,54780662612299
1,54813775971558
1,55330091445101
1,64972034071643
1,59767760387686
1,64971586080421
1,64136701422412
1,64085732116602
1,6408549086902
1,64085732042648
1,64136701482071
1,64971586280995
1,59767760465937
1,79735441569035
1,85589969952295
1,84651524046705
1,84594494200965
1,84594240123388
1,84594494424187
1,84651524283873
1,8558997006252
1,79735441588704
1,85590478010892
1,74749771958391
1,74172519216276
1,74135337022426
1,74131903887834
1,74135337695183
1,74172519878065
1,7474977219971
1,85590478037676
1,8470938789074
1,74203752345403
1,72614811185846
1,72676772097783
1,72667390148928
1,72676772629415
1,72614811539916
1,74203752246406
1,84709387808321
1,85590477861256
1,74749771561191
1,74172519135305
1,74135337490139
1,74131904453173
1,74135337647534
1,74172519026383
1,74749771165274
1,85590477705767
1,79735441507066
1,8558996978779
1,8465152401317
1,84594494394671
1,84594240357534
1,84594494404473
1,84651523931164
1,85589969634118
1,79735441451254
1,99701973699728
2,06207262005243
2,05165540451856
2,05102555795797
2,05102283601897
2,05102555763802
2,05165540390419
2,06207261942367
1,99701973680079
2,06207822891441
1,94170670412677
1,9353374918662
1,93492519347401
1,93488649872497
1,93492519342531
1,93533749130905
1,94170670323601
2,06207822860027
2,05229474452012
1,93568358157225
1,91809383171212
1,9187827768313
1,91867767169402
1,91878277970973
1,91809383539667
1,93568358406775
2,05229474515794
2,06207823032305
1,94170670746258
1,93533749068581
1,93492518511485
1,93488648842413
1,93492518965839
1,93533749699643
1,94170671225023
2,06207823163314
1,99701973758067
2,06207262143405
2,05165540402982
2,05102555449603
2,05102283175281
2,05102555607789
2,05165540625953
2,06207262315685
1,99701973805679
2,19667228236658
2,26823321367403
2,25678643724027
2,25609823602573
2,2560953176695
2,25609823377021
2,25678643508019
2,26823321296553
2,19667228231271
2,26823940417398
2,13592935269292
2,12897745080944
2,12852494053292
2,12848173421394
2,12852493231806
2,12897744284462
2,13592934994557
2,26823940391809
2,25748532689898
2,12935698440504
2,11008751009006
2,11084587719381
2,1107293254963
2,11084586618591
2,1100874991616
2,12935698028495
2,2574853263993
2,26823940274191
2,13592934931417
2,12897745221777
2,12852495008502
2,12848174751538
2,12852494111084
2,12897744311751
2,13592934562806
2,26823940221756
2,19667228177351
2,26823321227461
2,25678643782343
2,25609823998161
2,25609532317821
2,25609823741174
2,25678643519316
2,26823321117739
2,19667228160845
2,39631071984655
2,47438014624276
2,46190723889646
2,46116205211952
2,461158866989
2,46116205512254
2,46190724154137
2,47438014678961
2,39631071977656
2,47438711495596
2,33016702190106
2,32264794872793
2,3221554653865
2,32210758991894
2,32215547506449
2,32264795662532
2,33016702258924
2,47438711434628
2,46266457992196
2,32306054806025
2,30213403002047
2,30296179912998
2,30283362012235
2,30296180877794
2,30213403602669
2,32306054554447
2,46266457816936
2,47438711652717
2,33016702608107
2,32264794925428
2,32215545824882
2,32210757744065
2,32215546363645
2,32264795073556
2,33016702146432
2,47438711440006
2,39631072049726
2,47438014797396
2,46190723911452
2,46116204916348
2,46115886182116
2,46116205038974
2,46190723910225
2,47438014632384
2,39631071979886
2,59593376403285
2,68051208453957
2,66701676694925
2,66621606857486
2,66621258962853
2,66621606693902
2,66701676626719
2,68051208554282
2,59593376453612
2,68052000162643
2,52442119334217
2,51635181564212
2,51581955136531
2,51576691595836
2,51581954735534
2,51635181592943
2,52442119916216
2,68052000406169
2,66783127631045
2,51679711703777
2,49423823445459
2,49513544646175
2,49499544279692
2,49513544622206
2,49423824214506
2,51679713054628
2,66783128116132
2,68052000007952
2,52442118865391
2,51635181250853
2,51581955367798
2,51576692377038
2,51581955731364
2,51635182422993
2,52442120392787
2,68052000521901
2,59593376339224
2,68051208259796
2,66701676565153
2,66621606953266
2,66621259286387
2,66621607106321
2,66701676970471
2,68051208751644
2,59593376501539
2,79554010954202
2,88662763000119
2,8721139237948
2,87125928077597
2,87125565381563
2,87125928077633
2,87211392282814
2,8866276283427
2,7955401089491
2,88663658578104
2,71869336955984
2,71009186737522
2,70952008435451
2,7094625101427
2,70952008262828
2,71009186134817
2,71869336151606
2,88663658305792
2,87298409087479
2,71056968629963
2,68640505139661
2,6873717552721
2,68721956092135
2,68737174840565
2,68640503671516
2,7105696702408
2,87298408574046
2,88663658677831
2,71869337299071
2,71009187126361
2,70952008624806
2,70946250836294
2,70952007725231
2,71009185436517
2,7186933559583
2,88663658148407
2,79554010995501
2,88662763142201
2,87211392540506
2,87125928155999
2,87125565307841
2,87125927854987
2,87211391993614
2,886627626041
2,79554010829734
2,9951284714178
3,09272544165815
3,07719759217546
3,07629065757926
3,07628689986562
3,07629065818352
3,0771975928188
3,09272544195877
2,99512847147185
3,09273552306569
2,91298497296463
2,90387101491282
2,90325993393209
2,90319716203631
2,90325993686044
2,90387101836464
2,91298497499481
3,09273552353264
3,07812171315618
2,90438100986056
2,87863939219023
2,87967559084396
2,87951079609009
2,8796755966855
2,87863939973847
2,90438101504636
3,07812171449383
3,09273552325743
2,91298497320064
2,9038710138078
2,90325993131993
2,90319715984984
2,90325993751337
2,90387102214267
2,91298497926828
3,09273552487926
2,99512847149724
3,092725441756
3,07719759171798
3,07629065649757
3,07628689896024
3,07629065845411
3,07719759438356
3,09272544372865
2,99512847202953
3,19469751990838
3,298804032026
3,28226649967847
3,28130910219952
3,28130518881253
3,28130910132848
3,2822664998352
3,29880403345188
3,19469752049512
3,29881543249394
3,10729750830504
3,09769221064237
3,09704199415505
3,0969738872616
3,09704199155442
3,09769221195099
3,10729751400447
3,29881543476144
3,28324295289616
3,09823409316528
3,07094621594466
3,07205185077139
3,0718740607202
3,07205184879174
3,07094621964172
3,09823410213596
3,28324295627831
3,29881543080616
3,10729750299618
3,0976922060586
3,09704199332022
3,09697388920592
3,09704199282953
3,09769221052276
3,10729751130471
3,29881543381995
3,19469751920942
3,29880402982733
3,28226649778007
3,28130910185362
3,2813051896176
3,28130910185643
3,28226649924353
3,29880403233369
3,1946975201052
3,39424596911565
3,50486197086726
3,48731937787581
3,48631343584473
3,48630943828592
3,4863134376657
3,48731937841472
3,5048619693724
3,39424596842025
3,50487484155678
3,30163256624657
3,29155838300368
3,29086917065989
3,29079564353538
3,29086917578148
3,29155838288215
3,30163255923436
3,50487483859699
3,48834653938005
3,29213182936263
3,2633304338839
3,26450529915737
3,26431423420926
3,26450530203888
3,26333042822779
3,29213181583354
3,48834653428832
3,50487484438898
3,30163257573036
3,29155839336842
3,29086917708903
3,29079564560957
3,2908691764672
3,29155838465774
3,30163256161659
3,50487483939788
3,39424597028855
3,50486197479493
3,48731938216831
3,4863134385073
3,48630943914497
3,48631343794986
3,48731937915023
3,50486197035911
3,39424596875195
3,59377265761535
3,71089763065642
3,69235486835939
3,691302461063
3,69129843687037
3,69130245838679
3,69235486654605
3,71089763110149
3,59377265801109
3,7109121023543
3,4959918001158
3,48547246026165
3,48474446500525
3,48466530576331
3,48474445678448
3,48547245576393
3,4959918033229
3,71091210422784
3,69343093266526
3,48607723922304
3,45579697146903
3,45704100249905
3,45683623560318
3,4570409955064
3,45579697099738
3,48607724770361
3,69343093631573
3,71091209932168
3,49599178956509
3,48547244724311
3,48474445414995
3,48466529840089
3,4847444514516
3,48547245100427
3,49599179960086
3,71091210314847
3,59377265635949
3,71089762628694
3,69235486296789
3,69130245656733
3,69129843382124
3,69130245617818
3,69235486457474
3,71089762955992
3,59377265756407
3,79327645613642
3,91690946836209
3,89737169938003
3,89627500129073
3,896271039168
3,89627500290114
3,89737170026767
3,916909467745
3,79327645577337
3,9169256163003
3,69037677944105
3,6794374274663
3,67867070880001
3,67858580157287
3,67867071414786
3,67943743004692
3,69037677676273
3,91692561486966
3,89849468301292
3,68007336500257
3,64835084715825
3,64966382736623
3,64944502493955
3,64966383316653
3,64835084889474
3,68007336027505
3,89849468080955
3,91692561846282
3,69037678732062
3,67943743854363
3,67867072052875
3,67858581263955
3,67867072423825
3,67943743867426
3,69037678261669
3,91692561645278
3,79327645703199
3,91690947162538
3,89737170396765
3,89627500614805
3,89627104375116
3,89627500708009
3,89737170384068
3,91690947016942
3,79327645642899
3,99275595025833
4,12289602327487
4,10236850191289
4,10122976141989
4,1012258323332
4,10122976283673
4,10236850452171
4,12289602586704
3,99275595105987
4,12291380097184
3,88478916119545
3,87345629487127
3,87265099152237
3,87256016453426
3,87265099574329
3,87345630292833
3,88478916940722
4,12291380353477
4,10353614365721
3,87412324351444
3,8409971475648
3,84237874253957
3,84214547256521
3,84237874571879
3,8409971545542
3,87412325127861
4,10353614615224
4,12291380029648
3,88478915828169
3,87345628908937
3,87265098253257
3,87256015294964
3,87265098327622
3,87345629194636
3,88478916219403
4,12291380162961
3,99275594997864
4,12289602206811
4,10236849951832
4,10122975769671
4,10122582753542
4,10122975767361
4,1023684999736
4,12289602287973
3,99275595027088
4,19220981336518
4,32885555976604
4,30734372224577
4,30616530020703
4,3061613716411
4,30616529644923
4,30734371710227
4,3288555559363
4,19220981232819
4,32887500808937
4,07923062857981
4,06753209272753
4,06668830643127
4,06659138946454
4,0666882946063
4,06753207673943
4,07923061686744
4,32887500494733
4,30855367494883
4,06822999672708
4,03374090622122
4,03519074114799
4,03494248273059
4,03519073020986
4,03374089203597
4,06822998692837
4,30855367241262
4,32887500742354
4,07923062684879
4,06753209287911
4,06668831098211
4,06659139849376
4,06668830572708
4,06753208671649
4,07923062326037
4,32887500660527
4,19220981308946
4,32885555904924
4,30734372230868
4,30616530209177
4,3061613753805
4,30616530105488
4,30734372123416
4,32885555858384
4,19220981301477
4,39163689792161
4,53478625812603
4,51229576293401
4,51108017223588
4,51107637705569
4,51108017503328
4,51229576610231
4,53478625984368
4,39163689828837
4,53480746404434
4,27370292360701
4,26166798290813
4,26078561304811
4,26068259675648
4,26078562170275
4,26166799223449
4,27370292810559
4,53480746488744
4,51354580542415
4,26239670227512
4,22658720994109
4,22810460764684
4,22784115861064
4,22810461519888
4,22658721660325
4,26239670366873
4,5135458052546
4,53480746531036
4,27370292755221
4,26166798601923
4,26078561237648
4,2606825921583
4,26078561551457
4,26166798709576
4,27370292522978
4,53480746420243
4,39163689844588
4,53478625975986
4,51229576422238
4,5110801719576
4,51107637515129
4,51108017247056
4,51229576397418
4,53478625865274
4,3916368980047
4,59103591660849
4,74068636955731
4,71722297732414
4,71597294480073
4,7159692331085
4,71597294569962
4,71722297963769
4,74068637233115
4,59103591752074
4,74070939336017
4,46820793085419
4,45586704061029
4,45494601002336
4,45483667900306
4,4549460133754
4,45586704907548
4,46820794092016
4,74070939666269
4,71851069078111
4,45662655938528
4,41954107006935
4,42112552400469
4,42084661713461
4,42112552870171
4,41954108151552
4,45662657277703
4,71851069515378
4,740709392303
4,46820792743995
4,45586703728678
4,45494600847678
4,45483667868845
4,4549460124593
4,45586704669496
4,46820793828567
4,74070939582854
4,59103591617072
4,74068636814334
4,71722297594777
4,71597294416022
4,71596923297821
4,71597294532028
4,71722297865177
4,74068637124002
4,59103591717527
4,79040562026229
4,94655408936395
4,9221237184072
4,92084212665785
4,92083839017556
4,92084212260849
4,92212371193162
4,94655408363679
4,79040561857273
4,94657909356656
4,66274740510769
4,65013247775042
4,64917253652474
4,64905680147871
4,64917252340042
4,65013245662725
4,66274738631408
4,94657908800762
4,92344648917133
4,65092285248963
4,61260766529759
4,61425846197661
4,61396376283797
4,61425844867081
4,61260764348322
4,65092283275143
4,92344648329074
4,94657909406499
4,66274740675215
4,65013247970371
4,64917253896853
4,64905680599873
4,64917253131559
4,65013246676311
4,66274739472416
4,9465790904413
4,79040562046874
4,9465540900451
4,92212371921624
4,92084212766987
4,92083839204744
4,92084212588657
4,92212371612936
4,94655408711982
4,79040561958059
4,98974478657924
5,15238741134877
5,12699611047276
5,12568598186903
5,12568217971551
5,12568598612487
5,12699611645699
5,15238741595865
4,98974478785115
5,15241459695567
4,85732324791588
4,84446745043993
4,84346830103678
4,84334615827171
4,84346831396428
4,84446746841763
4,85732326157637
5,1524146006969
5,12835122736431
4,84528876944712
4,80579202818213
4,80750846254705
4,80719770508539
4,80750847308707
4,8057920422091
4,84528877950301
5,12835123002775
5,1524145967209
4,85732324713133
4,84446744921275
4,84346829816017
4,84334615134643
4,84346830169132
4,84446745313846
4,85732324917347
5,15241459713877
4,989744786482
5,15238741102374
5,12699610996443
5,12568598067761
5,12568217684746
5,12568598104223
5,12699611012921
5,15238741082201
4,98974478637762
5,18905230731473
5,35818428592504
5,33183836615702
5,33050284267398
5,33049899194857
5,33050284035825
5,33183836383204
5,35818428501367
5,18905230719357
5,35821388993697
5,05193753599305
5,03887518671245
5,03783643106104
5,03770775379953
5,03783642494742
5,03887518162332
5,05193753538631
5,35821389026033
5,33322292357104
5,03972777724861
4,99909945595272
5,00088065589625
5,00055354082603
5,00088065381858
4,99909945803781
5,03972778358478
5,33322292601993
5,35821389059815
5,05193753811663
5,03887518909192
5,03783643415624
5,03770776028989
5,0378364370255
5,03887519743675
5,0519375486175
5,35821389409877
5,18905230758859
5,35818428680466
5,33183836714258
5,3305028439558
5,33049899463638
5,33050284536033
5,33183837038112
5,35818429049333
5,18905230878318
5,38832708944493
5,56394259999334
5,53664853554763
5,5352908305924
5,53528703435604
5,53529083120697
5,53664853482954
5,5639425979452
5,38832708865838
5,56397485332669
5,24659228381122
5,23335900945803
5,23228011010396
5,2321448069111
5,23228011120077
5,23335900526637
5,24659227516507
5,56397485013855
5,53805953292452
5,23424318525513
5,19253515974675
5,19438000814956
5,19403645922622
5,19438000661104
5,19253514997678
5,23424317054208
5,5380595278002
5,56397485164069
5,24659227850571
5,23335900461323
5,23228010764641
5,23214480422807
5,23228010414742
5,23335899354883
5,24659226417715
5,56397484682709
5,3883270887467
5,56394259779603
5,53664853354115
5,53529082957462
5,53528703324496
5,53529082828601
5,53664852997672
5,56394259339449
5,38832708728698
5,5875679564598
5,76966024745273
5,74142444955365
5,74004801546062
5,74004431170397
5,74004801539375
5,74142445125087
5,76966025045248
5,58756795753824
5,76969537203158
5,44128954071553
5,42792225539793
5,42680260053675
5,42666055717888
5,42680260003953
5,4279222610556
5,44128955107995
5,76969537578131
5,74285881943971
5,42883832816548
5,38610432434923
5,38801164695195
5,38765155287204
5,38801164561605
5,38610433055033
5,42883834057594
5,74285882399515
5,7696953748565
5,44128954941386
5,42792226226509
5,42680260070823
5,42666055336827
5,42680259911949
5,42792226629066
5,44128955842894
5,7696953782203
5,58756795762974
5,76966025105517
5,74142445239769
5,74004801553149
5,74004431012566
5,74004801501277
5,74142445341908
5,76966025349621
5,58756795854836
5,78677379542557
5,97533502102169
5,94616398924697
5,9447723658495
5,9447687281655
5,94477236550791
5,94616398708054
5,97533501775963
5,78677379428946
5,97537324187337
5,63603142108053
5,62256837235129
5,62140713737933
5,62125840133938
5,62140713727753
5,62256836630167
5,6360314108398
5,97537323822067
5,94761858232959
5,62351684901792
5,57981238752207
5,58178061603853
5,58140377102218
5,581780618912
5,57981238426629
5,62351683961618
5,9476185787137
5,97537323834649
5,63603141054328
5,62256836545029
5,62140714107544
5,6212584122201
5,62140714566427
5,62256836641565
5,63603140610277
5,9753732363528
5,786773793965
5,97533501665769
5,94616398638897
5,94477236738026
5,94476873267174
5,94477236898126
5,94616398712753
5,97533501579756
5,78677379351585
5,98594352475229
6,18096455541144
6,15086491533907
6,14946167566142
6,14945798233885
6,14946167686771
6,1508649184496
6,18096455914386
5,98594352598012
6,18100608024944
5,83082015859243
5,81730075148113
5,816097125406
5,81594174141905
5,81609712872188
5,81730076109336
5,83082017067385
6,18100608427594
6,15233643083286
5,81828225513703
5,77366451022283
5,7756920999422
5,77529827288017
5,77569210154388
5,77366451857839
5,81828226734017
6,1523364350545
6,18100608374516
5,83082016858528
5,81730075617835
5,81609711750905
5,81594172561823
5,81609711669438
5,81730075961361
5,83082017555958
6,18100608631088
5,98594352620003
6,18096455955005
6,15086491728447
6,14946167239083
6,14945797579491
6,14946167188675
6,15086491783698
6,18096456116751
5,98594352682292
6,1850759268213
6,38654645978026
6,35552475936859
6,35411372672494
6,3541098401198
6,35411372546098
6,3555247566395
6,3865464567786
6,18507592585991
6,3865916266142
6,0256580735715
6,01212289187624
6,01087588784444
6,01071388010539
6,01087588331542
6,01212288211491
6,02565806284641
6,38659162318013
6,35700978274387
6,01313837589027
5,96766607712914
5,9697512700277
5,96934020008281
5,96975126415599
5,96766606452112
6,01313836206617
6,35700977832049
6,38659162379917
6,02565806605729
6,01212289051601
6,01087589852673
6,01071389681401
6,01087589388716
6,0121228805896
6,02565805519576
6,38659162032606
6,18507592565551
6,38654645666818
6,35552475880521
6,35411373114894
6,35410984703962
6,35411372983928
6,35552475600765
6,38654645360993
6,18507592467792
6,38416975737252
6,5920783315526
6,56014106590133
6,55872619973115
6,55872197955571
6,55872619889982
6,56014106497129
6,59207833106181
6,38416975727052
6,59212733655661
6,22054742443007
6,20703836822287
6,20574680266772
6,20557835221617
6,20574680096611
6,20703836679356
6,22054742423919
6,59212733663859
6,56163572985887
6,20808889421785
6,16182247337911
6,16396324914095
6,16353481461889
6,16396325035463
6,16182247662303
6,20808889816914
6,56163573116405
6,59212733839606
6,22054742880416
6,20703836674164
6,20574679175991
6,20557833850142
6,20574679535668
6,20703837323624
6,22054743516504
6,59212734035211
6,38416975813435
6,59207833336424
6,560141065288
6,55872619521366
6,55872197387562
6,55872619657668
6,5601410676395
6,59207833558674
6,3841697588084
6,58322401725581
6,79755752603155
6,76471117533676
6,76329668418162
6,76329190802893
6,76329668810983
6,76471118143411
6,79755753127075
6,58322401878168
6,79761064658833
6,41549069960209
6,40205074790309
6,40071329525282
6,40053860374203
6,40071330732099
6,40205076674395
6,41549071588463
6,797610651343
6,76621160792583
6,40313765825362
6,35613914501898
6,35833327978991
6,3578873257707
6,35833329005864
6,35613916139178
6,40313767269336
6,76621161218068
6,79761064562198
6,41549069774018
6,40205075056859
6,40071330392315
6,40053861249028
6,40071330789003
6,40205075729424
6,41549070400574
6,79761064751139
6,58322401685562
6,79755752526035
6,76471117644063
6,76329668777241
6,76329191165209
6,76329668834575
6,76471117752063
6,79755752635115
6,58322401719491
6,78223790318496
7,00298116829667
6,96923225651967
6,96782252800086
6,96781694919894
6,96782252311926
6,96923224851782
7,00298116105745
6,7822379010284
7,00303879288477
6,61049058619138
6,59716382718212
6,59577894699026
6,59559824656802
6,59577893116897
6,59716380102262
6,61049056234265
7,00303878575688
6,97073470253659
6,59828843348421
6,55062148524748
6,55286653213956
6,55240300323741
6,55286651610117
6,55062145806195
6,59828840816391
6,97073469490175
7,00303879332265
6,61049058684748
6,59716382518683
6,59577894194986
6,59559824237925
6,59577893272692
6,59716380889542
6,61049057115795
7,0030387885286
6,78223790336636
7,00298116856849
6,96923225569342
6,96782252591326
6,96781694746395
6,9678225237644
6,96923225177818
7,00298116470821
6,78223790217624
6,98121057529094
7,20834641169124
7,17370153323982
7,17230095045878
7,17229435482061
7,17230095250205
7,17370153731949
7,20834641597389
6,98121057664143
7,20840872757585
6,80554974986951
6,79238122122395
6,79094724417569
6,79076085758077
6,79094725110956
6,79238123524036
6,8055497646982
7,20840873226455
7,1752018091591
6,79354509618765
6,74527497335418
6,74756822031532
6,74708718931453
6,74756822826614
6,74527498991568
6,79354511403036
7,17520181483547
7,20840872730957
6,80554974921982
6,79238122133301
6,79094724543101
6,79076085889885
6,79094725091262
6,79238123317775
6,80554976225305
7,20840873148469
6,98121057518067
7,20834641142217
7,17370153328501
7,17230095097867
7,17229435536653
7,17230095242064
7,17370153646526
7,2083464149612
6,98121057631847
7,18014094851399
7,41365024765629
7,37811595402385
7,37672916153212
7,37672129082838
7,37672916404951
7,37811595670468
7,41365024890986
7,1801409487396
7,41371763106852
7,00067094687017
6,98770680970434
6,98622188133232
6,98603015604207
6,98622188923916
6,98770681766768
7,00067095002437
7,41371763149708
7,3796096962406
6,98891186514978
6,94010519765318
6,94244355942402
6,94194504743495
6,94244356669135
6,94010520357617
6,9889118656539
7,37960969577811
7,41371763134704
7,00067094803022
6,98770681166541
6,98622188322938
6,98603015627877
6,98622188667077
6,9877068129509
7,00067094566317
7,4137176301963
7,18014094862936
7,41365024813672
7,37811595483605
7,37672916231772
7,37672129092639
7,37672916298597
7,37811595475131
7,41365024710374
7,18014094820094
7,37902826480876
7,61888946388823
7,58247229030778
7,58110413466621
7,58109467893764
7,58110412965926
7,58247228364402
7,61888945911047
7,37902826354328
7,61896245091917
7,19585701998573
7,18314454999796
7,1816064772438
7,1814098107596
7,18160646124843
7,18314452901186
7,19585700524134
7,61896244706179
7,58395508093635
7,18439277692971
7,13511766666304
7,13749796379661
7,13698208835166
7,13749794826895
7,13511764720069
7,18439276417731
7,58395507774989
7,61896245068986
7,19585701866836
7,18314454680194
7,18160647315532
7,18140980904177
7,18160646490391
7,18314453739712
7,19585701349968
7,6189624495715
7,37902826471382
7,61888946334274
7,58247228898426
7,58110413297293
7,5810946782261
7,58110413117315
7,58247228711658
7,61888946253052
7,3790282645826
7,57787194678234
7,82406074575345
7,78676721291176
7,78542270187385
7,78541139686908
7,78542270570109
7,78676721835135
7,82406074999863
7,57787194796176
7,82413971773784
7,39111100236289
7,37869842381166
7,37710478357389
7,37690376365959
7,37710479568262
7,37869844090806
7,39111101559951
7,82413972139996
7,7882343702975
7,379992079525
7,33031785295697
7,33273651188017
7,33220359507868
7,33273652327994
7,33031786870915
7,37999209139786
7,78823437353465
7,82413971766384
7,39111100282414
7,37869842668922
7,37710478868417
7,37690376754282
7,37710479437664
7,37869843419039
7,39111100812738
7,82413971905667
7,5778719467517
7,82406074594446
7,78676721410347
7,78542270399023
7,78541139847734
7,78542270516044
7,78676721556934
7,82406074690409
7,5778719469914
7,77667109510583
8,02916075116434
7,9909972001695
7,9896815289847
7,98966798525935
7,98968152819315
7,99099719859905
8,02916074952229
7,7766710945887
8,029246008442
7,58643609614728
7,574372533915
7,57272074854722
7,5725158030436
7,57272074598459
7,57437252870506
7,58643609061599
8,02924600669067
7,9924438306303
7,57571412034832
7,52571134230797
7,52816463307191
7,52761497261284
7,52816463048038
7,52571133666832
7,57571411411816
7,99244382863157
8,02924600911215
7,58643609768137
7,57437253305801
7,57272074379561
7,57251579675495
7,57272074231149
7,57437252946121
7,58643609348399
8,02924600774234
7,7766710953834
8,02916075179976
7,99099719981465
7,98968152701678
7,98966798265482
7,98968152667198
7,99099719891218
8,02916075071003
7,77667109502423
7,97542506758865
8,23418590056344
8,1951586282141
8,19387712147909
8,19386091382002
8,19387711999807
8,19515862697436
8,23418590040452
7,97542506766277
8,23427768490444
7,78183558588673
7,7701709553348
7,76845829288848
7,76824985566854
7,76845828891012
7,77017095285788
7,78183558692381
8,23427768562709
8,19657962260724
7,77156330496418
7,7213036917753
7,72378767671968
7,72322147834239
7,72378767512009
7,72130369383117
7,77156331061534
8,1965796247693
8,23427768350054
7,78183558177713
7,77017095313084
7,76845829603659
7,76824986347283
7,7684582975173
7,77017095881811
7,78183558956466
8,23427768615407
7,97542506700726
8,2341858988615
8,19515862730134
8,19387712278283
8,19386091705213
8,19387712356275
8,19515862944265
8,23418590149805
7,97542506788102
8,17413333798864
8,43913244887311
8,39924761467654
8,39800575289324
8,39798648376029
8,39800575528743
8,39924761697062
8,43913244962701
8,17413333804658
8,43923109651017
7,97731282949475
7,96609802863467
7,96432132624451
7,96411014708479
7,96432133245585
7,96609803334108
7,97731282931538
8,43923109589706
8,40063785809084
7,96754409131654
7,91710064684579
7,91961087739511
7,9190286838636
7,91961087910604
7,9171006435353
7,96754408336572
8,40063785509695
8,43923109848678
7,97731283566478
7,9660980335003
7,96432132502859
7,96411013925428
7,96432132148913
7,96609802362461
7,97731282342879
8,4392310944249
8,17413333880723
8,43913245142847
8,39924761669166
8,39800575238955
8,39798648051722
8,39800575074571
8,39924761294665
8,43913244718917
8,17413333743698
8,37279531469083
8,64399649879583
8,60326012538615
8,60206367569796
8,6020407845897
8,60206367268798
8,60326012211449
8,64399649718318
8,37279531438029
8,64410237893493
8,17287140538238
8,16215807400699
8,16031395008513
8,16010067794048
8,16031394163366
8,16215806574808
8,17287140244488
8,64410237863163
8,6046142411014
8,16366108318801
8,11310779563065
8,11563970287174
8,11504198692703
8,11563969816422
8,1131077942009
8,16366108698961
8,6046142428765
8,64410237684454
8,17287139879751
8,16215806854754
8,1603139506157
8,16010068499318
8,16031395171616
8,16215807457371
8,17287140767126
8,64410237991974
8,37279531382513
8,6439964960688
8,60326012312519
8,60206367591784
8,60204078751062
8,60206367686371
8,60326012576951
8,64399649934752
8,37279531491373
8,57141073807401
8,84877381972705
8,80719195549169
8,8060467887885
8,80601965606093
8,80604679237485
8,80719195999632
8,84877382268859
8,57141073881582
8,84888712535392
8,36851518869659
8,35835546522598
8,35644038375356
8,35622586709112
8,35644039536834
8,35835547953672
8,36851519781155
8,84888712758604
8,80850427688133
8,35991908593831
8,3093307697737
8,3118794524285
8,3112667638831
8,31187946417774
8,30933078342673
8,35991909374648
8,80850427863429
8,84888712697571
8,36851519353276
8,35835546825242
8,35644038131586
8,35622586011117
8,35644038804801
8,35835547526127
8,36851519661052
8,84888712748087
8,57141073874565
8,84877382172997
8,80719195674501
8,8060467877788
8,80601965317001
8,80604678934314
8,80719195822563
8,84877382219124
8,57141073877232
8,7699794182549
9,05346012171592
9,01103871778649
9,00995086566974
9,00991880683177
9,00995086287193
9,01103871395577
9,05346011886253
8,76997941748216
9,0535811143318
8,56424803874817
8,55469486691602
8,55270489104476
8,55249005962067
8,55270488055047
8,5546948524802
8,56424802793044
9,053581111392
9,01230367778215
8,55632277449725
8,50577534296439
8,50833544420528
8,50770857201577
8,50833542934059
8,50577532234622
8,55632275888172
9,01230367351336
9,05358111361738
8,56424803733631
8,55469486886085
8,55270489801396
8,55249006825187
8,55270488529674
8,55469485110083
8,56424802377018
9,05358110989135
8,76997941795908
9,05346012113126
9,011038718592
9,00995086855617
9,00991881040649
9,00995086483779
9,0110387133845
9,05346011713946
8,76997941686071
8,96850117650544
9,25805067944743
9,21479566568437
9,21377141199826
9,21373374600045
9,21377141179359
9,21479566543328
9,25805067928869
8,96850117646676
9,25817989092282
8,7600740293762
8,75118098591591
8,7491118432885
8,74889769373519
8,74911184469779
8,75118098821947
8,76007403145488
9,25817989154126
9,21600759447282
8,75287705966076
8,70244707773558
8,70501306130036
8,70437288389098
8,70501306886779
8,70244708930384
8,75287706944867
9,21600759730311
9,25817989063149
8,76007402696593
8,75118097829379
8,7491118307813
8,74889768220813
8,74911184118879
8,75118099405422
8,76007404017128
9,2581798944326
8,96850117638481
9,25805067844937
9,21479566252767
9,21377140681838
9,21373374122637
9,2137714103403
9,21479566784971
9,25805068289853
8,96850117766418
9,16697604744047
9,46254069524368
9,41845801045326
9,41750377469771
9,41745981465255
9,4175037785796
9,41845801608172
9,46254069974026
9,16697604870494
9,46267861262858
8,95599759083509
8,94781850773807
8,94566569307114
8,94545334015517
8,94566570370763
8,94781852301444
8,95599760290602
9,46267861600404
9,4196108903132
8,94958713087016
8,89935168498256
8,90191773011716
8,90126524439959
8,90191773513831
8,89935169168436
8,94958713569417
9,41961089159398
9,46267861369762
8,95599759616752
8,94781851962244
8,94566570973371
8,94545335408018
8,94566570693782
8,94781851481098
8,95599759162949
9,46267861232207
9,16697604788316
9,46254069745208
9,41845801537514
9,41750378159851
9,41745982041962
9,4175037799175
9,41845801268426
9,46254069506997
9,16697604718012
9,36540406407515
9,66692517475207
9,62202065826637
9,62114313635676
9,62109214641023
9,62114313086456
9,62202064999284
9,66692516785809
9,36540406209588
9,66707213617535
9,1520232180535
9,14461237698393
9,14237112206612
9,14216178641887
9,14237110608821
9,14461235287521
9,15202319793017
9,66707213039307
9,62310824581509
9,14645824065932
9,09649498965065
9,09905475844399
9,09839111219536
9,0990547476439
9,0964949732256
9,14645822683586
9,6231082418276
9,66707213466069
9,15202321119437
9,14461236333183
9,14237110423823
9,14216177227362
9,14237110335175
9,14461236179246
9,15202320973208
9,66707213421646
9,36540406344789
9,66692517191145
9,62202065261228
9,62114312897327
9,62109214055191
9,62114312973135
9,62202065368595
9,66692517274584
9,3654040636793
9,56378559342761
9,87119880845358
9,82547826496244
9,82468428303302
9,82462539980131
9,8246842871755
9,82547827174213
9,87119881457843
9,56378559525124
9,87135515954455
9,34815566640662
9,34156761288021
9,33923272582655
9,33902778186428
9,33923273703676
9,34156763172697
9,34815568383909
9,87135516478647
9,82649424545155
9,3434954995409
9,29388270703819
9,29642953615124
9,29575596121156
9,29642954095281
9,29388271688571
9,3434955100519
9,82649424878509
9,87135516133314
9,34815567393284
9,34156762636463
9,33923274203614
9,33902779373216
9,33923273832386
9,34156762289495
9,34815567291364
9,87135516129677
9,56378559416832
9,87119881157066
9,82547827054711
9,82468428974632
9,82462540471638
9,82468428770865
9,82547826808425
9,8711988100535
9,56378559380604
9,76212104709304
10,075356064426
10,0288253634447
10,0281220506731
10,02805420521
10,0281220488422
10,0288253594973
10,0753560600878
9,76212104570378
10,0755221454775
9,54439997317867
9,53868924107655
9,53625543095699
9,5360563259037
9,53625542783868
9,53868923210528
9,54439996193419
10,0755221417325
10,0297631948726
9,54070452008699
9,49152054830555
9,49404764575145
9,49336536655904
9,4940476509272
9,49152055052861
9,54070451702389
10,0297631933195
10,0755221433377
9,54439996487487
9,53868922816838
9,53625541748787
9,53605631762519
9,53625542868829
9,53868924061092
9,54439997133602
10,0755221446574
9,7621210462068
10,0753560609869
10,0288253580986
10,0281220450947
10,0280542017814
10,0281220491942
10,02882536302
10,0753560639816
9,76212104691512
9,96041087968972
10,2793910557216
10,2320560897773
10,2314507814753
10,2313728339997
10,2314507825534
10,2320560930872
10,2793910599663
9,96041088111213
10,279567196722
9,74076139966166
9,73598255903041
9,7334441435459
9,73325251857974
9,73344414402244
9,73598256578956
9,7407614106217
10,2795672005989
10,2329089266771
9,73809087706722
9,6894141915637
9,69191438368759
9,69122480448606
9,6919143752331
9,68941418666448
9,73809087989616
10,2329089284362
10,2795671993573
9,74076140924808
9,73598257199316
9,73344415478589
9,73325252354365
9,73344414110747
9,73598255758379
9,74076140270564
10,2795671982274
9,96041088078111
10,279391059692
10,2320560951459
10,2314507861305
10,2313728360556
10,2314507813462
10,2320560896887
10,2793910566877
9,96041088013001
10,1586559627009
10,4832976685623
10,4351643107416
10,4346644776518
10,4345752548719
10,4346644755578
10,4351643057671
10,483297662812
10,1586559608301
10,4834842217407
9,93724551324418
9,93345302127129
9,93080409576833
9,93062158367987
9,93080409172775
9,93345300866363
9,93724549698806
10,4834842162856
10,4359251802727
9,9356603250074
9,88756934814293
9,89003521650013
9,88933980089373
9,8900352205371
9,887569345772
9,93566031557789
10,4359251765444
10,4834842187256
9,93724550264062
9,93345300812012
9,93080408599966
9,9306215811034
9,93080409634424
9,93345301702553
9,93724550417226
10,4834842183588
10,1586559614523
10,4832976641709
10,435164305295
10,434664473606
10,4345752538048
10,4346644774698
10,4351643092303
10,4832976657874
10,1586559616887
10,3568573874464
10,6870693062984
10,6381437367406
10,6377571006562
10,6376553590843
10,6377571035924
10,6381437426717
10,6870693125701
10,3568573894291
10,6872666682305
10,1338580863167
10,131106129912
10,1283405111985
10,1281689631495
10,1283405182455
10,1311061459354
10,1338581044375
10,6872666740863
10,6388053767709
10,1334187292303
10,085991614688
10,0884154227506
10,0877158887775
10,0884154225782
10,0859916214552
10,1334187410659
10,6388053810175
10,6872666710534
10,1338580961363
10,1311061416733
10,1283405190875
10,1281689636617
10,1283405117713
10,1311061362168
10,1338580964971
10,6872666718289
10,3568573886154
10,6870693103651
10,6381437416115
10,6377571039233
10,6376553592964
10,6377571009111
10,6381437386465
10,6870693092814
10,3568573884942
10,555016485283
10,8906989789236
10,840987726714
10,8407221728709
10,840606583946
10,8407221706326
10,840987722545
10,8906989747467
10,5550164839875
10,8909076188926
10,3306053459383
10,3289476730706
10,3260588037206
10,3259001833949
10,3260587989588
10,3289476630225
10,3306053350304
10,8909076154135
10,8415428159566
10,3313720703248
10,2846867618857
10,2870604560028
10,286358619749
10,2870604585577
10,2846867619581
10,3313720670549
10,8415428145616
10,8909076171458
10,330605339797
10,3289476656564
10,3260587993142
10,3259001854741
10,3260588080657
10,3289476758176
10,3306053455987
10,8909076184466
10,5550164845597
10,8906989763803
10,8409877236434
10,840722171046
10,8406065848072
10,8407221744044
10,8409877278443
10,8906989791237
10,5550164852437
10,7531347355911
11,0941795966375
11,0436892166669
11,0435528553148
11,0434220029193
11,043552856223
11,0436892178874
11,0941795975242
10,7531347358279
11,0943999860217
10,5274936573254
10,5269835550171
10,5239646413301
10,5238210967814
10,5239646417578
10,5269835551657
10,5274936570123
11,0943999858722
11,0441302802206
10,529526534152
10,4836602384362
10,485975719251
10,4852733279491
10,4859757122328
10,4836602273117
10,5295265243957
11,044130277353
11,0943999859453
10,5274936573517
10,5269835556359
10,523964641025
10,5238210918787
10,5239646296383
10,5269835381162
10,5274936424302
11,0943999816169
10,7531347355594
11,0941795966484
11,0436892169231
11,0435528551885
11,0434220008889
11,0435528512037
11,0436892108262
11,0941795914848
10,7531347340656
10,9512139244425
11,2975035998326
11,2462409442752
11,2462420891526
11,2460943457016
11,2462420883867
11,246240944197
11,2975036007158
10,9512139248259
11,2977362235149
10,7245297231655
10,7252198811743
10,7220636729938
10,7219376741956
10,722063672581
10,7252198843578
10,7245297291742
11,2977362256996
11,2465602672264
10,7278885319771
10,6829177659659
10,685166447864
10,684465561115
10,6851664535731
10,6829177793721
10,7278885473862
11,2465602722308
11,2977362255573
10,7245297295966
10,7252198872212
10,7220636770062
10,7219376803554
10,7220636863338
10,7252199049716
10,7245297476497
11,2977362311873
10,9512139252883
11,2975036024961
11,2462409467794
11,2462420908142
11,2460943482525
11,2462420940825
11,2462409527343
11,2975036083676
10,9512139270986
11,1492562848509
11,5006628906862
11,4486353153417
11,4487824480567
11,4486160753902
11,4487824501423
11,4486353167848
11,5006628903907
11,1492562845609
11,5009081398872
10,9217208923483
10,9236628805482
10,9203619826643
10,9202559149866
10,9203619882457
10,9236628829259
10,9217208890116
11,5009081382009
11,4488250886501
10,9264643881285
10,882464923496
10,8846380694086
10,8839407513228
10,8846380715781
10,8824649190953
10,9264643776985
11,4488250847291
11,5009081364883
10,9217208817003
10,9236628710688
10,9203619785319
10,9202559111743
10,9203619763383
10,9236628618191
10,9217208687501
11,5009081320519
11,1492562834433
11,5006628862765
11,4486353114159
11,4487824463455
11,4486160738115
11,448782445211
11,4486353080435
11,5006628819993
11,1492562820144
11,3472642573766
11,703649002674
11,6508644122771
11,6511661208577
11,6509793289171
11,651166117621
11,650864409189
11,7036490016772
11,3472642573064
11,7039072756838
11,1190746802729
11,1223189190612
11,1188657896581
11,1187821786184
11,1188657795375
11,122318910167
11,1190746784633
11,7039072759317
11,6509168581559
11,1252607401963
11,0823071092097
11,0843957901029
11,0837042906094
11,0843957809363
11,082307103495
11,1252607425723
11,6509168598159
11,7039072793781
11,1190746914398
11,1223189273232
11,1188657896276
11,1187821761994
11,1188657854344
11,1223189272935
11,1190746969599
11,7039072817225
11,3472642589065
11,7036490072988
11,6508644156987
11,6511661208449
11,6509793279151
11,6511661200632
11,6508644162819
11,7036490093375
11,3472642597046
11,5452405307941
11,9064529881388
11,8529199657434
11,8533849285186
11,853175813377
11,8533849312226
11,8529199685365
11,9064529893372
11,5452405309836
11,9067247219086
11,3165991412647
11,3211946359984
11,3175814468397
11,3175230390094
11,3175814555932
11,3211946446341
11,3165991444475
11,9067247222726
11,8528271598522
11,3242843200815
11,2824498248254
11,2844448043991
11,2837616222302
11,2844448132428
11,2824498323454
11,3242843212306
11,8528271594811
11,9067247188765
11,3165991327089
11,3211946321827
11,3175814530288
11,317523049051
11,3175814580851
11,3211946352895
11,3165991313205
11,906724717933
11,5452405295385
11,9064529845954
11,852919964163
11,8533849310818
11,8531758175357
11,8533849322547
11,8529199646664
11,9064529839005
11,5452405291864
11,7431883441981
12,1090653858779
12,0547933490827
12,0554303833602
12,0551968859239
12,0554303825698
12,0547933482323
12,1090653854695
11,7431883441219
12,1093511037622
11,5143027087572
11,5202968486174
11,5165156352057
11,5164852488642
11,5165156325231
11,5202968457869
11,5143027074663
12,1093511035377
12,0545472923239
11,5235419926944
11,4828984382407
11,4847903911363
11,4841179875087
11,4847903880577
11,4828984351498
11,5235419914829
12,0545472921627
12,1093511057066
11,5143027136387
11,5202968480965
11,5165156249626
11,5164852339799
11,5165156228378
11,5202968461003
11,5143027130377
12,1093511056794
11,7431883450034
12,1090653878999
12,0547933488671
12,0554303791182
12,0551968797598
12,0554303785588
12,0547933483622
12,109065387777
11,7431883450089
11,9411113416727
12,3114762550036
12,2564755209664
12,25729354631
12,2570335422105
12,257293545318
12,2564755201551
12,3114762549301
11,9411113417341
12,311776541688
11,7121941124549
11,7196325160971
11,7156751386977
11,7156758543405
11,715675135965
11,719632514405
11,7121941131832
12,31177654219
12,2560681021806
11,7230411564947
11,6836582053669
11,6854376840007
11,6847787142106
11,68543768266
11,683658206429
11,7230411600975
12,2560681035873
12,3117765407087
11,712194110312
11,7196325180108
11,715675147776
11,7156758680984
11,7156751484152
11,7196325213612
11,7121941152098
12,3117765424035
11,9411113412671
12,3114762541161
12,2564755217587
12,2572935500696
12,2570335479081
12,2572935504741
12,256475523036
12,3114762557693
11,9411113418225
12,1390134790739
12,5136751432294
12,4579571165759
12,4589651080841
12,4586763992665
12,4589651098113
12,457957117792
12,5136751430205
12,1390134788465
12,513990588241
11,9102827595631
11,9192089276282
11,9150671014421
11,915102147262
11,9150671059262
11,9192089294649
11,9102827567563
12,5139905868411
12,4573799927741
11,9227890395468
11,8847342729092
11,886391852372
11,885749045599
11,886391853618
11,8847342685363
11,9227890303913
12,4573799893905
12,513990588558
11,9102827604024
11,9192089274826
11,915067098496
11,9151021404782
11,9150670959578
11,9192089188175
11,9102827489126
12,5139905846743
12,1390134792052
12,5136751435771
12,4579571165156
12,458965106864
12,4586763964571
12,458965105683
12,4579571133825
12,5136751397722
12,1390134779492
12,3368992535683
12,7156508001801
12,6592283094252
12,6604352738297
12,6601154736594
12,6604352721154
12,6592283083105
12,7156508005455
12,3368992538505
12,715982080635
12,1085785764559
12,1190334261005
12,1146989684928
12,1147715857429
12,114698964468
12,1190334252425
12,1085785803311
12,7159820823761
12,658473231759
12,1227930898625
12,0861317160101
12,0876579839995
12,0870340022102
12,0876579844538
12,0861317232999
12,1227931017618
12,6584732359732
12,7159820809243
12,1085785766639
12,1190334238695
12,114698964037
12,1147715833094
12,1146989687712
12,1190334361104
12,1085785913699
12,7159820857635
12,3368992536882
12,7156508002664
12,6592283085013
12,6604352719845
12,6601154726517
12,6604352738976
12,6592283128115
12,7156508051172
12,3368992552533
12,5347738738191
12,9173914600725
12,8602789619084
12,8616937699449
12,8613403117455
12,8616937714116
12,8602789632622
12,917391460446
12,534773873823
12,9177391711169
12,3070922244404
12,3191137131701
12,3145783756369
12,3146919075413
12,3145783791184
12,3191137153861
12,307092223616
12,9177391705144
12,8593376205858
12,3230608783171
12,2878555151182
12,2892411136703
12,2886387827261
12,2892411134325
12,2878555109324
12,3230608714536
12,8593376181529
12,9177391699082
12,3070922217915
12,3191137150764
12,3145783840586
12,3146919165916
12,3145783802058
12,3191137063239
12,3070922118984
12,9177391667117
12,5347738733185
12,9173914589754
12,8602789626977
12,8616937734326
12,8613403154935
12,8616937718619
12,8602789595091
12,9173914555931
12,5347738722482
12,7326431756631
13,1188845133906
13,0610983654228
13,0627298350148
13,0623401729337
13,0627298341654
13,0610983638894
13,1188845118891
12,7326431752014
13,1192492674914
12,5058348451608
12,5194576905786
12,514713353059
12,5148713081235
12,5147133507051
12,5194576861215
12,5058348406434
13,1192492660843
13,0599627469611
12,5236002130087
12,489910537006
12,4911460121911
12,4905683710497
12,4911460109878
12,4899105340067
12,5236002094629
13,0599627457997
13,119249270001
12,5058348521063
12,5194576930771
12,5147133465696
12,5148712980365
12,5147133470445
12,5194576928504
12,5058348510869
13,1192492695945
12,7326431767024
13,1188845162673
13,0610983664577
13,0627298323274
13,0623401687564
13,0627298326494
13,0610983666763
13,1188845162144
12,7326431766551
12,9305135474357
13,3201167590917
13,2616754386291
13,263532221602
13,263103844639
13,2635322211931
13,2616754394663
13,3201167610708
12,9305135481795
13,3204991574585
12,7048183353565
12,7200734835584
12,7151121413957
12,7153180558325
12,7151121406655
12,7200734876267
12,7048183433044
13,3204991603647
13,2603377934902
12,7244190291864
12,6923014329305
12,6933775495005
12,6928277742019
12,6933775505228
12,6923014410689
12,7244190417867
13,2603377979049
13,3204991536924
12,7048183237588
12,7200734744596
12,7151121415407
12,7153180620002
12,7151121438674
12,7200734830994
12,7048183354868
13,3204991576798
12,9305135458761
13,3201167542886
13,2616754348608
13,2635322216622
13,2631038471934
13,2635322225192
13,2616754375913
13,3201167578331
12,9305135470676
13,1283918187178
13,5210743041278
13,4619985435694
13,4640892216677
13,4636194960213
13,4640892234635
13,4619985439955
13,521074302473
13,1283918179673
13,5214749574399
12,9040550690189
12,9209695356943
12,9157834153214
12,9160409257368
12,9157834198986
12,9209695344913
12,9040550608748
13,5214749541234
13,4604513073309
12,9255255637326
12,8950327806489
12,89594046912
12,8954216115608
12,8959404700784
12,8950327717743
12,9255255472379
13,4604513013486
13,5214749617061
12,9040550829238
12,9209695495208
12,9157834215679
12,9160409250117
12,9157834184874
12,9209695368655
12,9040550653111
13,5214749556811
13,1283918204845
13,5210743098866
13,4619985492955
13,4640892242545
13,4636194957208
13,464089222879
13,4619985449789
13,5210743043103
13,1283918186124
13,3262855551036
13,7217424784151
13,6620555767431
13,66438854855
13,6638745877692
13,6643885462821
13,6620555757358
13,7217424797003
13,3262855557636
13,7221619571467
13,1035582924512
13,12215457282
13,1167361293487
13,1170489710342
13,1167361233272
13,1221545723077
13,1035582995722
13,7221619602251
13,6602911965682
13,1269281789458
13,0981087798034
13,0988394751295
13,098354656194
13,0988394729612
13,0981087874386
13,1269281949216
13,6602912024719
13,7221619536563
13,1035582806681
13,1221545596513
13,1167361208854
13,1170489684303
13,1167361235213
13,122154572086
13,1035582984941
13,7221619597967
13,3262855536581
13,7217424735353
13,6620555712893
13,6643885450452
13,663874586691
13,6643885463626
13,662055575644
13,7217424792537
13,3262855555862
13,5242031528028
13,9221056058312
13,861834054317
13,8644173106335
13,863856104725
13,8644173121254
13,8618340547495
13,9221056045908
13,5242031522275
13,922544488263
13,3033420134725
13,3236374986009
13,3179796548699
13,3183517150162
13,317979658916
13,3236374982447
13,3033420074866
13,9225444857651
13,8598452816606
13,328635484129
13,3015335876233
13,302079011164
13,3016314202924
13,3020790129281
13,3015335820556
13,3286354722359
13,8598452772524
13,9225444897786
13,3033420187844
13,3236375051975
13,3179796600591
13,318351717396
13,3179796587678
13,3236374968593
13,303342006199
13,922544485393
13,5242031534304
13,9221056080312
13,8618340570489
13,8644173127826
13,8638561057105
13,864417312064
13,8618340541758
13,9221056040577
13,5242031520734
13,7221539664147
14,1221471081853
14,0613209249445
14,0641619557369
14,0635505890266
14,0641619554009
14,0613209252204
14,1221471091047
13,7221539667731
14,1226059403045
13,5034211032385
13,5254275642767
13,5195237961387
13,519958922764
13,5195237947103
13,5254275649125
13,5034211062267
14,1226059414992
14,059100909823
13,5306560555033
13,50531117034
13,5056634641045
13,5052562813869
13,5056634616495
13,505311170219
13,5306560585571
14,0591009111318
14,1226059412599
13,5034211063334
13,5254275673119
13,5195237975343
13,5199589228866
13,5195237951291
13,5254275664868
13,503421108114
14,1226059421091
13,7221539668102
14,1221471094671
14,0613209262014
14,0641619563149
14,0635505890774
14,0641619555743
14,0613209258723
14,1221471098862
13,7221539670256
13,9201483098356
14,3218494224236
14,2605024917539
14,2636083171437
14,2629439835503
14,2636083169731
14,2605024917216
14,3218494225949
13,9201483099119
14,3223286990727
13,7038113821574
13,7275343121598
13,7213787501005
13,7218807274642
13,7213787512892
13,7275343147315
13,7038113849891
14,3223286999801
14,2580450491532
13,7329987745769
13,7094451485953
13,7095971012813
13,7092336227127
13,7095971076463
13,7094451591313
13,7329987841916
14,2580450520281
14,3223286961051
13,7038113721107
13,7275343008361
13,721378742681
13,7218807250531
13,7213787514316
13,7275343147164
13,7038113842929
14,322328699687
13,9201483086066
14,321849418263
14,2605024870642
14,2636083140711
14,2629439825519
14,2636083170322
14,2605024917154
14,3218494223066
13,9201483097905
14,1181975852184
14,5211939176103
14,4593645641224
14,4627415890158
14,4620215397704
14,4627415890928
14,4593645634621
14,5211939163754
14,1181975847701
14,5216939329004
13,9045295652909
13,9299675625809
13,9235552451235
13,9241277379347
13,9235552426172
13,9299675560703
13,904529557454
14,5216939303201
14,4566642639061
13,9356726969079
13,9139390791226
13,9138839966678
13,9135672711681
13,9138839859639
13,9139390595767
13,935672677604
14,4566642579506
14,5216939367477
13,904529578404
13,9299675776169
13,9235552551513
13,9241277408217
13,923555240943
13,9299675536058
13,9045295560975
14,5216939300284
14,1181975868117
14,5211939230411
14,4593645703494
14,4627415931688
14,462021540966
14,4627415883994
14,4593645624414
14,5211939158136
14,1181975846493
14,316314208763
14,7201607613517
14,6578925026277
14,6615462030134
14,6607676471065
14,6615462027156
14,6578925028481
14,7201607621252
14,3163142090658
14,720681805937
14,1055934636428
14,1327374740705
14,1260643509887
14,1267110613708
14,1260643527961
14,1327374791447
14,1055934699447
14,7206818080301
14,6549445810738
14,1386867689184
14,1187960569796
14,1185281272808
14,1182612247818
14,1185281373253
14,1187960750383
14,1386867865474
14,6549445864886
14,7206818023944
14,1055934515579
14,1327374602269
14,1260643419679
14,1267110594814
14,1260643558451
14,1327374833515
14,1055934727844
14,7206818087567
14,3163142072959
14,7201607563469
14,6578924968942
14,6615461992776
14,660767646324
14,6615462039784
14,6578925045902
14,7201607633013
14,3163142093666
14,5145116065564
14,918728792351
14,8560709520149
14,8600059217733
14,8591662471514
14,8600059230262
14,8560709539054
14,9187287939289
14,5145116070099
14,9192713288028
14,3070219991589
14,3358545448819
14,3289177202718
14,3296423128561
14,3289177225189
14,3358545483021
14,30702200204
14,9192713296343
14,8528715407365
14,3420505290651
14,3240189522947
14,3235331633975
14,3233189983415
14,3235331603044
14,3240189477456
14,3420505253717
14,8528715396894
14,9192713313859
14,3070220079707
14,3358545549594
14,3289177267309
14,329642313883
14,3289177196538
14,3358545444352
14,3070219993225
14,9192713289194
14,5145116076262
14,9187287960007
14,8560709561886
14,8600059244486
14,8591662475767
14,8600059218398
14,856070952304
14,9187287928036
14,5145116067138
14,7128045580307
15,1168757868511
15,0538840511248
15,0581037036328
15,0572004237185
15,0581037014202
15,0538840468841
15,1168757825168
14,7128045566767
15,117440114074
14,5088351400358
14,5393295794513
14,5321275689391
14,5329334307736
14,5321275623932
14,5393295663423
14,5088351262485
15,1174401097232
15,0504301569756
14,5457733796431
14,5296102651096
14,5289027895099
14,528744035076
14,528902784725
14,5296102537024
14,5457733664348
15,0504301526762
15,1174401123573
14,5088351341363
14,5393295725268
14,5321275640951
14,5329334291858
14,5321275631694
14,5393295678229
14,5088351272986
15,1174401099945
14,7128045573196
15,1168757844077
15,0538840482568
15,0581037016266
15,0572004230609
15,0581037017418
15,0538840474972
15,1168757829518
14,712804556789
14,9112090191132
15,3145781682612
15,2513151809983
15,2558216236315
15,254852307289
15,255821625868
15,2513151859975
15,3145781738643
14,9112090209187
15,3151643848246
14,7110541855945
14,743173751477
14,7357067468846
14,736596913395
14,735706754055
14,7431737680936
14,7110542045686
15,3151643909747
15,2476051506817
14,7498649496477
14,7355720610816
14,7346402583384
14,7345393831707
14,7346402653769
14,7355720791557
14,7498649712967
15,2476051577997
15,3151643863078
14,7110541907769
14,7431737579289
14,7357067522597
14,7365969168232
14,7357067560799
14,7431737695351
14,7110542056084
15,3151643912728
14,9112090197274
15,3145781704078
15,2513151836705
15,2558216258577
15,2548523087088
15,2558216267065
15,2513151865944
15,314578174295
14,9112090210421
15,1097424032443
15,5118109374494
15,4483471437007
15,4531412077671
15,4521037513648
15,4531412063274
15,4483471396787
15,5118109324635
15,1097424015889
15,5124189605995
14,9137016535879
14,9473986064677
14,9396686066014
14,9406457889811
14,9396686023865
14,9473985935068
14,9137016369577
15,512418955026
15,4443807619574
14,9543351058876
14,9419062708349
14,9407487024833
14,9407078893562
14,9407486995456
14,9419062579149
14,9543350876306
15,4443807556894
15,5124189586295
14,9137016466871
14,9473985977952
14,9396685991561
14,9406457838128
14,9396685987837
14,9473985905807
14,9137016348084
15,5124189544153
15,1097424024284
15,5118109345914
15,4483471401088
15,4531412046836
15,4521037492244
15,4531412048355
15,448347138467
15,5118109315735
15,109742401336
15,3084238316917
15,7085473889357
15,6449620756386
15,6500427581374
15,6489352485725
15,6500427590303
15,6449620784746
15,7085473926134
15,3084238329277
15,709177020498
15,1168015319921
15,1520160345948
15,1440271239271
15,145093609227
15,1440271255081
15,1520160423039
15,1168015431141
15,709177024335
15,6407406567738
15,1591935261776
15,1486141586448
15,1472311033035
15,1472520606695
15,1472311010183
15,1486141620727
15,1591935350929
15,6407406601636
15,7091770233444
15,116801541852
15,1520160465522
15,1440271333377
15,1450936145726
15,1440271281882
15,1520160441956
15,1168015446518
15,7091770248007
15,3084238328705
15,7085473930194
15,6449620805908
15,6500427620348
15,6489352507864
15,6500427601402
15,6449620792579
15,7085473932503
15,3084238331205
15,5072740973174
15,9047591008207
15,8411415446676
15,8465056933062
15,8453265616989
15,8465056920222
15,8411415420219
15,9047590979885
15,5072740964183
15,905409951242
15,3203795781505
15,3570383158844
15,3487970920952
15,349954769415
15,3487970899634
15,3570383101118
15,3203795710818
15,9054099489029
15,8366679827035
15,364450248812
15,3556966442607
15,3540899765636
15,3541740878452
15,3540899804141
15,3556966467091
15,3644502478958
15,8366679820354
15,9054099476541
15,320379565893
15,3570383017034
15,3487970823199
15,3499547659511
15,3487970904643
15,3570383112989
15,3203795715312
15,9054099489499
15,5072740958315
15,9047590957444
15,8411415387946
15,8465056892579
15,8453265602644
15,8465056922298
15,8411415425135
15,9047590981747
15,5072740964377
15,7063159123904
16,1004158134234
16,0368663681951
16,0425085015712
16,0412567413834
16,0425085036428
16,0368663711621
16,1004158157599
15,7063159130426
16,1010874412691
15,5244628766465
15,5624780460205
15,5539939236317
15,5552439115076
15,5539939280679
15,5624780521874
15,5244628813303
16,1010874425516
16,0321457924054
15,5701152079273
15,5631542380304
15,5613276104679
15,5614758120708
15,5613276082172
15,5631542340657
15,5701152041173
16,0321457912422
16,1010874450042
15,5244628892122
15,562478059789
15,5539939315304
15,5552439116444
15,5539939235794
15,5624780474308
15,5244628785791
16,1010874419052
15,7063159139372
16,1004158186276
16,0368663738973
16,0425085048425
16,04125674144
16,0425085017839
16,0368663691921
16,1004158146207
15,706315912775
15,905573882219
16,2954855392704
16,2321166226547
16,2380285968483
16,2367038362569
16,2380285946839
16,2321166201725
16,2954855378885
15,9055738819162
16,2961771500036
15,7290803257035
15,7683483825926
15,7596339170402
15,7609764939673
15,7596339121127
15,7683483779119
15,7290803242219
16,2961771499095
16,227156725538
15,7761984196642
15,7709868075055
15,7689460005207
15,7691587428339
15,7689460017094
15,7709868127267
15,7761984270402
16,2271567280702
16,2961771469394
15,7290803156139
15,7683483724092
15,7596339130526
15,760976497534
15,7596339198362
15,7683483852427
15,7290803286135
16,2961771509876
15,9055738809499
16,2954855350919
16,2321166184371
16,2380285951969
16,236703837734
16,2380285978826
16,2321166232085
16,2954855397074
15,9055738823626
16,1050747310272
16,4899341858007
16,4268716073292
16,4330422554425
16,4316448079531
16,4330422566342
16,4268716081409
16,4899341856097
16,1050747308535
16,4906446240556
15,9342626906675
15,9746627300469
15,9657340852884
15,967168807585
15,9657340875805
15,9746627300176
15,9342626875725
16,4906446227464
16,4216827952346
15,9827100097469
15,979193757108
15,9769467425339
15,9772238594445
15,9769467402061
15,979193749199
15,9827099992743
16,421682791696
16,4906446256961
15,9342626957671
15,97466273398
15,9657340840473
15,9671688007506
15,9657340781201
15,9746627216589
15,934262682509
16,4906446214797
16,1050747317065
16,4899341879128
16,4268716089581
16,4330422549285
16,4316448051227
16,4330422527162
16,4268716046791
16,4899341835127
16,1050747303289
16,3048476524066
16,6837253423188
16,6211100666314
16,62752465427
16,6260556318456
16,6275246544652
16,6211100677132
16,6837253439147
16,3048476529599
16,6844532109368
16,1400427321665
16,1814349468987
16,1723124257107
16,1738376157913
16,1723124271277
16,1814349518307
16,1400427387435
16,684453213163
16,6157058464572
16,1896599119405
16,1877738808688
16,1853310746003
16,1856717306494
16,1853310783597
16,187773890094
16,1896599227687
16,6157058499962
16,6844532111658
16,1400427334949
16,1814349505642
16,1723124324963
16,1738376250541
16,1723124369497
16,1814349600373
16,1400427438266
16,684453214466
16,3048476525014
16,6837253428691
16,6211100681494
16,6275246570803
16,6260556356818
16,6275246585331
16,6211100711118
16,68372534602
16,3048476534995
16,5049240369343
16,8768202574184
16,8148098381705
16,8214495561275
16,8199111747175
16,8214495549508
16,8148098360486
16,8768202553419
16,5049240362959
16,8775637591295
16,3464553519134
16,3886792994636
16,3793878704599
16,3810007113174
16,3793878668083
16,3886792927118
16,3464553451843
16,8775637570464
16,8092071949278
16,3970583438679
16,3967255352106
16,3940996943217
16,3945024907964
16,3940996910989
16,3967255287376
16,3970583370473
16,809207192774
16,8775637570234
16,3464553442205
16,3886792886113
16,3793878590177
16,3810007007797
16,3793878576368
16,3886792852553
16,3464553402991
16,8775637557434
16,5049240360621
16,8768202542324
16,814809833676
16,8214495513887
16,8199111703533
16,8214495511525
16,8148098329603
16,8768202533188
16,5049240357563
16,7053380770139
17,0691778249734
17,0079480610361
17,0147895956178
17,0131853224546
17,0147895971748
17,0079480632395
17,0691778266841
16,7053380774879
17,06993475375
16,5535377041061
16,5964104753873
16,5869802510582
16,5886763958218
16,5869802550634
16,5964104809313
16,5535377082944
17,0699347548935
17,0021677044123
16,6049152191877
16,6060460722383
16,6032530492715
16,6037157110666
16,6032530502482
16,6060460731284
16,6049152194167
17,0021677044078
17,0699347573319
16,5535377166935
16,596410491371
16,58698026511
16,5886764060496
16,58698026263
16,5964104872167
16,553537712863
17,0699347561815
16,7053380784972
17,0691778301866
17,0079480676557
17,0147896014374
17,0131853266904
17,0147896003086
17,0079480658425
17,0691778285764
16,7053380780212
16,9061268549574
17,2607541446667
17,2005010668298
17,2075160819806
17,2058507919945
17,2075160803554
17,2005010649426
17,2607541435887
16,9061268547157
17,2615219515078
16,76132933626
16,8046437323399
16,7951104875233
16,7968839332418
16,7951104839132
16,8046437288755
16,7613293351143
17,2615219514172
17,1945681993364
16,8132404735145
16,8157322855667
16,8127911006711
16,8133104207111
16,8127911019193
16,8157322899111
16,8132404793077
17,1945682012973
17,2615219470781
16,7613293210088
16,8046437141335
16,795110473477
16,7968839251503
16,795110479036
16,8046437243815
16,7613293312009
17,2615219502307
16,9061268531229
17,2607541383506
17,2005010592895
17,2075160761633
17,2058507886434
17,2075160783356
17,2005010630813
17,2607541419681
16,9061268542242
17,1073304975485
17,4515024977186
17,3924442795398
17,3995986851865
17,3978789508842
17,3995986867745
17,3924442810563
17,45150249821
17,1073304975839
17,4522780214486
16,9698724046315
17,0133945754877
17,0038005971849
17,0056435463886
17,0038006003263
17,0133945771286
16,9698724032727
17,4522780206852
17,3863890889026
17,0220437477184
17,0257802704323
17,0227132447478
17,0232849714676
17,0227132419935
17,025780262398
17,0220437375974
17,3863890855273
17,4522780261376
16,9698724204939
17,0133945933831
17,0038006091381
17,0056435510162
17,0038006016956
17,013394579196
16,9698724060484
17,4522780216305
17,1073304994904
17,4515025042882
17,3924442869513
17,399598690137
17,3978789528007
17,3995986873416
17,3924442819126
17,4515024993597
17,1073304979754
17,3089924341203
17,6413730486307
17,5837525185733
17,591005744561
17,5892399995004
17,5910057430608
17,5837525174357
17,6413730486726
17,3089924342678
17,6421525618094
17,1792118478399
17,2226790195661
17,2130739574252
17,2149762379707
17,2130739547572
17,2226790195154
17,1792118512976
17,6421525632814
17,5776107081464
17,2313346303946
17,236185324112
17,233018309385
17,2336369125683
17,2330183131795
17,2361853348323
17,2313346437405
17,5776107125828
17,642152557203
17,1792118324898
17,2226790031387
17,2130739481461
17,2149762368
17,2130739567391
17,2226790199292
17,1792118498722
17,6421525626584
17,3089924322126
17,6413730422734
17,5837525117696
17,591005740718
17,5892399990154
17,5910057438817
17,5837525176069
17,6413730480824
17,3089924340097
17,5111595343252
17,8303127331292
17,7743997159789
17,7817038284232
17,7799027030483
17,7817038300649
17,7743997171064
17,8303127328821
17,5111595340917
17,8310918456437
17,3893955754201
17,4325135469457
17,422954993907
17,4249041084866
17,4229549970049
17,4325135468499
17,3893955711404
17,8310918438397
17,7682131052123
17,441122260877
17,4469418529895
17,4437045264408
17,4443634662747
17,4437045229985
17,4469418417853
17,4411222462329
17,7682131002807
17,8310918501044
17,3893955901555
17,4325135622115
17,4229550014911
17,424904107632
17,422954993018
17,4325135448114
17,3893955715681
17,8310918442077
17,5111595361724
17,8303127392321
17,7743997223014
17,7817038315644
17,7799027026943
17,7817038284139
17,7743997162622
17,8303127330595
17,511159534244
17,7138828366083
18,0182650102556
17,9643590209019
17,9716579339287
17,9698345969488
17,9716579314332
17,9643590186833
18,0182650097655
17,7138828366536
18,0190383481791
17,6004746949454
17,6429149807331
17,6334696556644
17,635450145468
17,63346964952
17,6429149769345
17,6004746965933
18,0190383493114
17,9581762464954
17,6514156074358
17,6580433451932
17,6547695346596
17,6554607588029
17,6547695341864
17,6580433513896
17,6514156186922
17,9581762505618
18,0190383438092
17,6004746805161
17,6429149658181
17,6334696483503
17,6354501465318
17,6334696537557
17,6429149792923
17,6004746964455
18,0190383490268
17,7138828347984
18,0182650042798
17,9643590147247
17,9716579308996
17,9698345973893
17,9716579331874
17,9643590196596
18,0182650097044
17,7138828365357
17,917217523716
18,2051694305027
18,1536026135547
18,160831197246
18,1590017874244
18,1608312013286
18,1536026180695
18,2051694328225
17,9172175241845
18,2059307826974
17,8125037216291
17,8539006756647
17,8446452775008
17,8466383168619
17,8446452894166
17,8539006878187
17,8125037266453
18,2059307834374
18,1474801104703
17,8622232485139
17,8694823527779
17,8662102868052
17,8669242849831
17,8662102949897
17,8694823577609
17,8622232461875
18,1474801089149
18,2059307869292
17,812503735629
17,8539006902429
17,8446452848769
17,8466383162453
17,8446452857415
17,85390068587
17,8125037269801
18,2059307837604
17,9172175254686
18,205169436301
18,1536026195923
18,1608312003008
18,1590017871689
18,1608311998064
18,1536026172622
18,2051694329613
17,9172175243182
18,1212230306127
18,3909615986582
18,3421019766506
18,3491849385526
18,3473688828477
18,3491849330491
18,3421019698801
18,390961594357
18,1212230295615
18,3917038463552
18,0255407343061
18,0654884891135
18,0565106772405
18,058493972796
18,056510660022
18,065488468563
18,0255407219338
18,3917038434538
18,3361046581013
18,073553262027
18,0812504207789
18,0780229038024
18,0787486100773
18,0780228881764
18,0812504040705
18,0735532541283
18,3361046566588
18,3917038425071
18,0255407216495
18,0654884762137
18,0565106712503
18,058493974236
18,0565106640685
18,0654884706732
18,0255407216878
18,3917038431558
18,1212230290191
18,3909615934165
18,342101971308
18,3491849360719
18,3473688834441
18,3491849347251
18,342101970754
18,3909615942553
18,1212230294381
18,3259637947051
18,5755727547966
18,5298277914001
18,5366783661073
18,5348987149413
18,5366783716243
18,5298277985945
18,5755727598068
18,3259637960086
18,5762875699982
18,2396478181692
18,2776964527088
18,269096282495
18,2710434051964
18,269096300064
18,2776964752209
18,2396478334407
18,5762875739051
18,5240300185851
18,2854131273769
18,2933380317295
18,290202888496
18,2909273098578
18,2902029053856
18,2933380521694
18,2854131399964
18,5240300216039
18,5762875731475
18,2396478282718
18,2776964620242
18,269096284807
18,2710434006093
18,2690962936116
18,2776964714294
18,2396478327062
18,5762875739544
18,3259637960092
18,5755727589808
18,5298277952582
18,5366783670648
18,5348987130413
18,536678368952
18,5298277970241
18,5755727595027
18,3259637960289
18,5315092863892
18,7589295211203
18,7167498683952
18,7232687227499
18,7215527726987
18,723268719033
18,7167498632376
18,7589295172122
18,5315092853204
18,7596071942274
18,4548912580552
18,490543250957
18,4824343468089
18,484314144921
18,482434335402
18,4905432353264
18,4548912464007
18,759607191069
18,7112363729596
18,4978097649675
18,5057345858838
18,502744854634
18,5034531388321
18,5027448449632
18,5057345732509
18,4978097561478
18,7112363706612
18,7596071918994
18,4548912509898
18,4905432460505
18,4824343492895
18,4843141539603
18,482434345595
18,4905432419542
18,4548912488719
18,7596071914689
18,5315092854249
18,7589295181941
18,716749866363
18,7232687237773
18,7215527764423
18,7232687232547
18,7167498659825
18,7589295182358
18,5315092854861
18,7379346509332
18,9409535461228
18,9028371221078
18,9089107524406
18,9072908369258
18,9089107534777
18,9028371240452
18,9409535480679
18,7379346515369
18,9415830131066
18,6713417121036
18,7040479463971
18,6965589019593
18,6983350312737
18,6965589039212
18,7040479507075
18,6713417168903
18,9415830146446
18,8977043351258
18,7107491219449
18,7184281618493
18,7156423232436
18,7163178526727
18,7156423210884
18,7184281603891
18,7107491223035
18,8977043354446
18,9415830148626
18,6713417170739
18,7040479483235
18,6965588962739
18,6983350191772
18,6965588909465
18,7040479417327
18,6713417128472
18,9415830138223
18,7379346516605
18,9409535481814
18,9028371229057
18,9089107500863
18,907290831916
18,9089107481044
18,9028371203283
18,9409535463936
18,7379346511964
18,9453212290333
19,1215611425849
19,0880578543603
19,0935569098881
19,0920708911774
19,0935569108958
19,0880578547454
19,1215611419067
18,9453212287017
19,1221296142986
18,8890746352729
18,9182298726878
18,9115061806847
18,9131360773101
18,9115061860618
18,9182298767323
18,8890746350668
19,1221296137494
19,0834151897188
18,924236672871
18,931405656481
18,9288878606111
18,9295117471081
18,9288878723138
18,9314056688633
18,9242366785615
19,0834151907187
19,1221296125882
18,8890746303661
18,9182298705136
18,9115061856904
18,9131360886009
18,911506198587
18,9182298858041
18,8890746394583
19,1221296146989
18,9453212283249
19,1215611405526
19,0880578534596
19,093556911961
19,0920708958534
19,0935569160832
19,0880578585023
19,1215611437254
18,9453212290949
19,1537567210686
19,3006630179707
19,2723795508193
19,2771571787977
19,2758491257638
19,2771571772361
19,2723795501011
19,3006630188134
19,1537567215079
19,3011558528809
19,1081706443141
19,1331087664805
19,1273143081981
19,1287489218975
19,127314300749
19,1331087611006
19,1081706449832
19,3011558537786
19,2683504912775
19,1382765428023
19,1446527239992
19,1424731041943
19,143024252444
19,1424730895691
19,1446527095052
19,1382765373721
19,268350490629
19,3011558550013
19,1081706509541
19,1331087718953
19,1273143076958
19,1287489154727
19,1273142923072
19,1331087546422
19,1081706418058
19,3011558530909
19,1537567219467
19,3006630207208
19,272379553062
19,2771571785897
19,2758491231028
19,2771571737401
19,2723795474263
19,3006630174977
19,1537567212231
19,3633358552608
19,4781635734334
19,4557688503278
19,45965873433
19,4585797529645
19,4596587352726
19,4557688499976
19,4781635716148
19,3633358545272
19,4785641449429
19,3287159284778
19,3487047307481
19,3440236713313
19,3452064888584
19,3440236765389
19,348704732339
19,3287159242885
19,4785641429846
19,4524926607872
19,3528718526564
19,3581536393706
19,3563883952124
19,3568433661741
19,3563884068698
19,3581536488673
19,3528718534579
19,4524926600431
19,4785641423977
19,3287159199663
19,3487047215866
19,3440236662873
19,3452064889269
19,3440236792831
19,348704734825
19,3287159254074
19,4785641431942
19,3633358542067
19,4781635699085
19,4557688465336
19,4596587322412
19,458579752993
19,4596587364093
19,4557688510272
19,4781635720783
19,3633358546141
19,5741610830878
19,6539606344367
19,6381918943849
19,6410060389184
19,6402152286183
19,6410060388043
19,6381918956674
19,6539606367881
19,5741610839385
19,6542500338285
19,5508025234441
19,5650381453646
19,5616771002965
19,5625431946386
19,5616770983665
19,5650381476542
19,5508025299351
19,6542500363199
19,6358251243874
19,5680242981777
19,5718911895988
19,570623007992
19,5709557986547
19,570623001412
19,5718911863877
19,5680243014115
19,6358251261252
19,6542500362639
19,5508025318762
19,5650381555481
19,5616771081461
19,5625431987061
19,561677099801
19,5650381482442
19,5508025304349
19,6542500364863
19,5741610840964
19,6539606379289
19,6381918986022
19,6410060421691
19,6402152303027
19,6410060393983
19,6381918959116
19,6539606369951
19,5741610840075
19,7863427845012
19,8279450361384
19,8196140640386
19,821140454687
19,8207059741604
19,8211404544824
19,819614062909
19,8279450344729
19,7863427839238
19,8281018371338
19,7745288534712
19,7821296373464
19,7803198560447
19,7807951735461
19,7803198561857
19,7821296346237
19,7745288486141
19,8281018353848
19,8183323367164
19,7837342002188
19,7858467807854
19,7851647724709
19,7853468203436
19,7851647749961
19,7858467808045
19,7837341968969
19,8183323353055
19,8281018356187
19,7745288481402
19,7821296305897
19,7803198502587
19,7807951697738
19,7803198540608
19,7821296333422
19,7745288478101
19,8281018351647
19,7863427838738
19,8279450339306
19,8196140612403
19,8211404522908
19,8207059725983
19,8211404536025
19,8196140623783
19,82794503414
19,7863427838327
20,0000000244477
20,0000000489233
20,0000000489217
20,0000000489203
20,0000000489203
20,0000000489203
20,0000000489216
20,0000000489233
20,0000000244478
20,0000000489234
20,0000000976573
20,0000000976208
20,0000000976209
20,0000000976203
20,0000000976209
20,0000000976208
20,0000000976574
20,0000000489234
20,0000000489231
20,0000000976207
20,0000000975716
20,0000000975715
20,0000000975712
20,0000000975716
20,0000000975716
20,0000000976208
20,0000000489231
20,0000000489234
20,0000000976574
20,0000000976208
20,0000000976209
20,0000000976204
20,0000000976208
20,0000000976208
20,0000000976573
20,0000000489233
20,0000000244478
20,0000000489234
20,0000000489217
20,0000000489203
20,0000000489203
20,0000000489203
20,0000000489216
20,0000000489233
20,0000000244477
